0 0.5095766129032258 0.4415322580645161 0.516633064516129 0.4868951612903226 0.5327620967741936 0.5080645161290323 0.5559475806451613 0.5181451612903226 0.5841733870967742 0.5131048387096774 0.5932459677419354 0.4959677419354839 0.5912298387096774 0.4747983870967742 0.5740927419354838 0.4354838709677419 0.5509072580645162 0.4203629032258064 0.5307459677419354 0.4042338709677419
0 0.5418346774193548 0.3870967741935484 0.5236895161290323 0.40625 0.5105846774193548 0.4284274193548387 0.485383064516129 0.439516129032258 0.4601814516129032 0.4334677419354839 0.4571572580645161 0.4092741935483871 0.4753024193548387 0.38407258064516125 0.4934475806451613 0.36693548387096775 0.516633064516129 0.3639112903225806 0.5297379032258064 0.3508064516129032 0.547883064516129 0.36189516129032256
0 0.5549395161290323 0.39213709677419356 0.543850806451613 0.3729838709677419 0.543850806451613 0.3508064516129032 0.5640120967741936 0.3477822580645161 0.5972782258064516 0.35181451612903225 0.6204637096774194 0.3629032258064516 0.6285282258064516 0.39213709677419356 0.6194556451612904 0.4092741935483871 0.6013104838709677 0.4203629032258064 0.5730846774193548 0.4092741935483871
0 0.4884072580645161 0.436491935483871 0.5025201612903226 0.4375 0.5115927419354838 0.4526209677419355 0.5186491935483872 0.4747983870967742 0.5105846774193548 0.4949596774193548 0.4934475806451613 0.5262096774193548 0.483366935483871 0.5352822580645161 0.4662298387096774 0.5473790322580645 0.4460685483870968 0.5403225806451613 0.4380040322580645 0.5221774193548387 0.4390120967741936 0.4979838709677419 0.4551411290322581 0.4657258064516129 0.4722782258064516 0.4455645161290322
0 0.4753024193548387 0.36491935483870963 0.4581653225806452 0.39616935483870963 0.4380040322580645 0.4092741935483871 0.4138104838709678 0.4133064516129032 0.3996975806451613 0.4092741935483871 0.390625 0.39012096774193544 0.3936491935483871 0.3699596774193548 0.4188508064516129 0.34879032258064513 0.4501008064516129 0.3387096774193548 0.4591733870967742 0.33366935483870963
0 0.4793346774193548 0.5695564516129032 0.4904233870967742 0.5806451612903226 0.5095766129032258 0.5997983870967742 0.5105846774193548 0.6179435483870968 0.5085685483870968 0.6370967741935484 0.5075604838709677 0.6532258064516129 0.5115927419354838 0.6764112903225806 0.5015120967741936 0.6975806451612903 0.4914314516129032 0.7157258064516129 0.4682459677419355 0.719758064516129 0.452116935483871 0.719758064516129 0.4319556451612903 0.7026209677419355 0.4269153225806452 0.6784274193548387 0.4289314516129032 0.6491935483870968 0.4490927419354839 0.6179435483870968 0.4642137096774194 0.5866935483870968
0 0.5670362903225806 0.657258064516129 0.5851814516129032 0.6512096774193548 0.6043346774193548 0.6663306451612903 0.6315524193548387 0.7066532258064516 0.6355846774193548 0.7288306451612903 0.637600806451613 0.7721774193548387 0.638608870967742 0.8024193548387097 0.6275201612903226 0.8205645161290324 0.609375 0.8175403225806452 0.5882056451612904 0.811491935483871 0.579133064516129 0.8004032258064516 0.5680443548387096 0.7772177419354838 0.5609879032258064 0.75 0.5559475806451613 0.7227822580645161 0.5549395161290323 0.6915322580645161 0.5569556451612904 0.6592741935483871
0 0.5267137096774194 0.7348790322580645 0.544858870967742 0.7429435483870968 0.5670362903225806 0.7570564516129032 0.5670362903225806 0.78125 0.5710685483870968 0.8145161290322582 0.5700604838709677 0.8316532258064516 0.5630040322580646 0.871975806451613 0.5529233870967742 0.8941532258064516 0.543850806451613 0.9102822580645162 0.5246975806451613 0.9173387096774194 0.4944556451612903 0.9183467741935484 0.4813508064516129 0.903225806451613 0.484375 0.8608870967741936 0.4863911290322581 0.808467741935484 0.4954637096774194 0.7802419354838709 0.5075604838709677 0.751008064516129
0 0.4994959677419355 0.6955645161290323 0.5095766129032258 0.7026209677419355 0.517641129032258 0.7247983870967742 0.5196572580645162 0.7469758064516129 0.5055443548387096 0.7651209677419355 0.4924395161290323 0.8014112903225807 0.4884072580645161 0.8185483870967742 0.4803427419354839 0.8336693548387097 0.4611895161290323 0.8508064516129032 0.4380040322580645 0.8467741935483872 0.4349798387096774 0.8225806451612904 0.4369959677419355 0.7933467741935484 0.453125 0.7449596774193548 0.4662298387096774 0.7258064516129032 0.4813508064516129 0.7177419354838709
0 0.5095766129032258 0.4989919354838709 0.4924395161290323 0.5342741935483871 0.4894153225806452 0.5614919354838709 0.5035282258064516 0.5887096774193548 0.5307459677419354 0.5927419354838709 0.547883064516129 0.564516129032258 0.5589717741935484 0.5231854838709677 0.544858870967742 0.5120967741935484 0.5236895161290323 0.5 0.515625 0.4868951612903226
0 0.5650201612903226 0.5241935483870968 0.5831653225806452 0.5534274193548387 0.6144153225806452 0.5745967741935484 0.641633064516129 0.5675403225806451 0.6537298387096774 0.5413306451612903 0.6456653225806452 0.5120967741935484 0.6224798387096774 0.4828629032258064 0.6003024193548387 0.4677419354838709 0.5942540322580646 0.4717741935483871 0.5912298387096774 0.4939516129032258 0.5851814516129032 0.5141129032258064
0 0.5690524193548387 0.6108870967741935 0.5670362903225806 0.5866935483870968 0.5831653225806452 0.5715725806451613 0.5952620967741936 0.5987903225806451 0.6244959677419354 0.6239919354838709 0.643649193548387 0.6300403225806451 0.6557459677419354 0.6542338709677419 0.6638104838709677 0.6844758064516129 0.6607862903225806 0.7127016129032258 0.6476814516129032 0.720766129032258 0.6305443548387096 0.7036290322580645 0.611391129032258 0.6794354838709677 0.5972782258064516 0.65625 0.5811491935483872 0.6502016129032258
0 0.5861895161290323 0.8155241935483872 0.6003024193548387 0.839717741935484 0.6234879032258064 0.8649193548387097 0.6486895161290323 0.8629032258064516 0.6658266129032258 0.840725806451613 0.6648185483870968 0.808467741935484 0.6496975806451613 0.7570564516129032 0.638608870967742 0.7308467741935484 0.6365927419354838 0.7560483870967742 0.6365927419354838 0.7943548387096774 0.6255040322580646 0.8225806451612904 0.6023185483870968 0.8175403225806452
0 0.4621975806451613 0.7278225806451613 0.4511088709677419 0.7570564516129032 0.4380040322580645 0.7641129032258064 0.4168346774193548 0.7479838709677419 0.4057459677419355 0.7217741935483871 0.4117943548387097 0.6804435483870968 0.420866935483871 0.658266129032258 0.4299395161290323 0.6764112903225806 0.4309475806451613 0.7066532258064516 0.454133064516129 0.7217741935483871
0 0.4329637096774194 0.6360887096774193 0.4501008064516129 0.6068548387096774 0.4732862903225807 0.5735887096774193 0.4823588709677419 0.5604838709677419 0.4753024193548387 0.5423387096774193 0.4652217741935484 0.5493951612903226 0.4460685483870968 0.5504032258064516 0.4289314516129032 0.563508064516129 0.4017137096774194 0.5796370967741935 0.391633064516129 0.5977822580645161 0.3805443548387097 0.6350806451612903 0.3886088709677419 0.657258064516129 0.4067540322580645 0.6643145161290323 0.4269153225806452 0.6542338709677419
0 0.4410282258064516 0.5493951612903226 0.4128024193548387 0.5675403225806451 0.3876008064516129 0.5584677419354838 0.3795362903225807 0.5282258064516129 0.391633064516129 0.502016129032258 0.4168346774193548 0.4838709677419355 0.4591733870967742 0.4586693548387097 0.4450604838709678 0.4909274193548387 0.4359879032258065 0.5262096774193548
0 0.4591733870967742 0.4556451612903226 0.4269153225806452 0.4838709677419355 0.4067540322580645 0.4949596774193548 0.3855846774193548 0.4858870967741935 0.3744959677419355 0.470766129032258 0.3815524193548387 0.4455645161290322 0.4097782258064516 0.4203629032258064 0.4430443548387097 0.41129032258064513 0.454133064516129 0.40625 0.4561491935483871 0.4264112903225806
0 0.4924395161290323 0.3659274193548387 0.5186491935483872 0.3508064516129032 0.5367943548387096 0.32963709677419356 0.5337701612903226 0.30443548387096775 0.517641129032258 0.2903225806451613 0.5025201612903226 0.28326612903225806 0.4753024193548387 0.3034274193548387 0.4712701612903226 0.3286290322580645 0.4672379032258065 0.3316532258064516 0.4742943548387097 0.344758064516129 0.4763104838709677 0.3548387096774194
0 0.5952620967741936 0.469758064516129 0.6224798387096774 0.4667338709677419 0.6315524193548387 0.4415322580645161 0.6244959677419354 0.4223790322580645 0.6184475806451613 0.41129032258064513 0.6023185483870968 0.4183467741935484 0.579133064516129 0.4143145161290322 0.5640120967741936 0.407258064516129 0.5589717741935484 0.4203629032258064 0.5660282258064516 0.4354838709677419 0.578125 0.4435483870967742
0 0.606350806451613 0.4717741935483871 0.6345766129032258 0.4979838709677419 0.6456653225806452 0.5090725806451613 0.6678427419354838 0.5 0.6759072580645162 0.4747983870967742 0.6617943548387096 0.4445564516129032 0.637600806451613 0.4264112903225806 0.6214717741935484 0.4203629032258064 0.6255040322580646 0.4375 0.6305443548387096 0.4485887096774193 0.6244959677419354 0.4647177419354839
0 0.6204637096774194 0.4173387096774193 0.642641129032258 0.4294354838709677 0.6607862903225806 0.4304435483870968 0.6678427419354838 0.4012096774193548 0.641633064516129 0.3709677419354839 0.6204637096774194 0.36491935483870963 0.6275201612903226 0.39012096774193544
0 0.1819556451612903 0.6068548387096774 0.1990927419354839 0.6068548387096774 0.20816532258064518 0.6169354838709677 0.2142137096774194 0.6421370967741935 0.2142137096774194 0.6703629032258064 0.2071572580645161 0.6935483870967742 0.1880040322580645 0.7066532258064516 0.1577620967741936 0.7016129032258064 0.1476814516129032 0.6794354838709677 0.1547379032258065 0.6411290322580645 0.1688508064516129 0.625
0 0.2152217741935484 0.6058467741935484 0.2152217741935484 0.6340725806451613 0.2293346774193549 0.6633064516129032 0.2545362903225807 0.6612903225806451 0.2676411290322581 0.6300403225806451 0.2555443548387097 0.594758064516129 0.233366935483871 0.5756048387096774 0.2253024193548387 0.5907258064516129
0 0.2373991935483871 0.6713709677419355 0.2434475806451613 0.6975806451612903 0.2555443548387097 0.7116935483870968 0.2837701612903226 0.7096774193548387 0.2938508064516129 0.6955645161290323 0.29183467741935487 0.6663306451612903 0.2736895161290323 0.6360887096774193 0.2636088709677419 0.6310483870967742 0.2626008064516129 0.6512096774193548 0.2515120967741936 0.6612903225806451
0 0.170866935483871 0.5604838709677419 0.1839717741935484 0.5856854838709677 0.1819556451612903 0.6098790322580645 0.169858870967742 0.627016129032258 0.1547379032258065 0.6401209677419355 0.1315524193548387 0.6421370967741935 0.1204637096774194 0.6219758064516129 0.1255040322580645 0.5897177419354838 0.1436491935483871 0.563508064516129 0.1577620967741936 0.5564516129032258
0 0.2696572580645161 0.625 0.2867943548387097 0.6169354838709677 0.2898185483870968 0.595766129032258 0.2686491935483871 0.5655241935483871 0.2494959677419355 0.5554435483870968 0.233366935483871 0.563508064516129 0.2363911290322581 0.5796370967741935 0.2555443548387097 0.5997983870967742 0.264616935483871 0.6139112903225806
0 0.1950604838709678 0.6018145161290323 0.2101814516129032 0.6068548387096774 0.22328629032258068 0.59375 0.2384072580645161 0.5655241935483871 0.232358870967742 0.5403225806451613 0.2142137096774194 0.5221774193548387 0.1910282258064516 0.5191532258064516 0.1789314516129032 0.5443548387096774 0.1809475806451613 0.5665322580645161 0.1859879032258065 0.5897177419354838
0 0.17691532258064518 0.4788306451612903 0.1869959677419355 0.502016129032258 0.1950604838709678 0.5151209677419355 0.1829637096774194 0.5302419354838709 0.17691532258064518 0.5453629032258064 0.1567540322580645 0.5514112903225806 0.1476814516129032 0.5383064516129032 0.1436491935483871 0.5151209677419355 0.1557459677419355 0.4929435483870968 0.1658266129032258 0.4818548387096774
0 0.2001008064516129 0.502016129032258 0.2152217741935484 0.5191532258064516 0.2293346774193549 0.5302419354838709 0.2525201612903226 0.5171370967741935 0.2484879032258065 0.4979838709677419 0.234375 0.4838709677419355 0.2182459677419355 0.4788306451612903 0.1970766129032258 0.4909274193548387
0 0.889616935483871 0.627016129032258 0.8956653225806452 0.6330645161290323 0.9047379032258064 0.6502016129032258 0.9007056451612904 0.6683467741935484 0.891633064516129 0.6854838709677419 0.8765120967741936 0.6864919354838709 0.8654233870967742 0.6754032258064516 0.8674395161290323 0.6461693548387097 0.8795362903225806 0.6310483870967742
0 0.9067540322580646 0.6602822580645161 0.919858870967742 0.6693548387096774 0.920866935483871 0.6854838709677419 0.922883064516129 0.6995967741935484 0.9188508064516128 0.7096774193548387 0.9037298387096774 0.7106854838709677 0.890625 0.6955645161290323 0.8956653225806452 0.6834677419354838
0 0.8654233870967742 0.6471774193548387 0.860383064516129 0.6723790322580645 0.8472782258064516 0.6905241935483871 0.8331653225806452 0.6784274193548387 0.8351814516129032 0.6522177419354838 0.8492943548387096 0.6431451612903226
