0 0.5277217741935484 0.5877016129032258 0.5398185483870968 0.5735887096774193 0.5519153225806452 0.5745967741935484 0.5650201612903226 0.5887096774193548 0.576108870967742 0.6018145161290323 0.5811491935483872 0.6300403225806451 0.5932459677419354 0.6794354838709677 0.6023185483870968 0.7268145161290323 0.6013104838709677 0.7721774193548387 0.5962701612903226 0.809475806451613 0.580141129032258 0.8145161290322582 0.5619959677419354 0.808467741935484 0.5418346774193548 0.7883064516129032 0.5337701612903226 0.752016129032258 0.5267137096774194 0.719758064516129 0.5246975806451613 0.6653225806451613 0.5277217741935484 0.6169354838709677
0 0.4873991935483871 0.4828629032258064 0.5025201612903226 0.4959677419354839 0.512600806451613 0.5060483870967742 0.5226814516129032 0.5201612903225806 0.5257056451612904 0.5504032258064516 0.5267137096774194 0.595766129032258 0.5246975806451613 0.6461693548387097 0.5246975806451613 0.6824596774193548 0.5287298387096774 0.7177419354838709 0.5236895161290323 0.7328629032258064 0.5105846774193548 0.7449596774193548 0.4994959677419355 0.7429435483870968 0.4884072580645161 0.7247983870967742 0.4803427419354839 0.7006048387096774 0.4753024193548387 0.6693548387096774 0.4692540322580645 0.5493951612903226 0.4712701612903226 0.5100806451612903 0.4763104838709677 0.4929435483870968
0 0.5690524193548387 0.5171370967741935 0.577116935483871 0.5110887096774193 0.5882056451612904 0.5131048387096774 0.5952620967741936 0.5231854838709677 0.612399193548387 0.5574596774193548 0.6244959677419354 0.59375 0.6365927419354838 0.6421370967741935 0.640625 0.6925403225806451 0.642641129032258 0.7268145161290323 0.6365927419354838 0.751008064516129 0.6224798387096774 0.7479838709677419 0.612399193548387 0.7348790322580645 0.6003024193548387 0.7076612903225806 0.5902217741935484 0.6622983870967742 0.578125 0.6108870967741935 0.5700604838709677 0.5735887096774193 0.5660282258064516 0.5352822580645161
0 0.6295362903225806 0.5917338709677419 0.6456653225806452 0.6098790322580645 0.6607862903225806 0.6411290322580645 0.6829637096774194 0.6804435483870968 0.705141129032258 0.7167338709677419 0.7192540322580646 0.752016129032258 0.7293346774193548 0.7913306451612903 0.7263104838709677 0.8316532258064516 0.7152217741935484 0.8477822580645162 0.6980846774193548 0.840725806451613 0.6809475806451613 0.8235887096774194 0.668850806451613 0.7973790322580645 0.6567540322580646 0.7570564516129032 0.640625 0.7308467741935484 0.637600806451613 0.6844758064516129 0.6345766129032258 0.6461693548387097 0.6275201612903226 0.6078629032258064
0 0.4652217741935484 0.3528225806451613 0.4753024193548387 0.3699596774193548 0.4863911290322581 0.38004032258064513 0.4914314516129032 0.40625 0.4934475806451613 0.4344758064516129 0.4924395161290323 0.4747983870967742 0.4793346774193548 0.4899193548387097 0.4712701612903226 0.5171370967741935 0.4712701612903226 0.5443548387096774 0.4692540322580645 0.5665322580645161 0.4611895161290323 0.5715725806451613 0.4460685483870968 0.5665322580645161 0.4380040322580645 0.5473790322580645 0.4289314516129032 0.5252016129032258 0.4248991935483871 0.5050403225806451 0.4319556451612903 0.439516129032258 0.4390120967741936 0.39213709677419356 0.4511088709677419 0.35786290322580644
0 0.5065524193548387 0.28125 0.5045362903225806 0.2600806451612903 0.516633064516129 0.25806451612903225 0.5367943548387096 0.2792338709677419 0.5609879032258064 0.3094758064516129 0.5730846774193548 0.33366935483870963 0.5811491935483872 0.36088709677419356 0.5811491935483872 0.3810483870967742 0.5700604838709677 0.376008064516129 0.5549395161290323 0.36189516129032256 0.5408266129032258 0.3477822580645161 0.5257056451612904 0.3235887096774194 0.513608870967742 0.3004032258064516
0 0.608366935483871 0.7620967741935484 0.6265120967741936 0.7681451612903226 0.6335685483870968 0.8034274193548387 0.6486895161290323 0.8487903225806452 0.6607862903225806 0.8860887096774194 0.672883064516129 0.9213709677419356 0.6789314516129032 0.9516129032258066 0.6809475806451613 0.9778225806451614 0.6779233870967742 0.994959677419355 0.6749423963133642 0.9984375 0.6466733870967742 0.9984375 0.6305443548387096 0.9808467741935484 0.6204637096774194 0.9506048387096774 0.6043346774193548 0.8991935483870968 0.5942540322580646 0.8518145161290324 0.5902217741935484 0.8145161290322582 0.5982862903225806 0.7993951612903225 0.6023185483870968 0.7792338709677419
0 0.5871975806451613 0.8185483870967742 0.5932459677419354 0.8477822580645162 0.5982862903225806 0.8800403225806452 0.5851814516129032 0.8921370967741936 0.5670362903225806 0.8921370967741936 0.5498991935483872 0.8629032258064516 0.5408266129032258 0.8286290322580646 0.5388104838709677 0.7983870967741935 0.5388104838709677 0.7842741935483871 0.5539314516129032 0.8014112903225807 0.5740927419354838 0.8155241935483872
0 0.4329637096774194 0.14516129032258063 0.453125 0.15120967741935482 0.4581653225806452 0.1693548387096774 0.4511088709677419 0.1935483870967742 0.4400201612903226 0.21673387096774194 0.4238911290322581 0.21370967741935484 0.4128024193548387 0.19556451612903225 0.4198588709677419 0.17036290322580644 0.4279233870967742 0.15826612903225806
0 0.484375 0.18951612903225806 0.4974798387096774 0.19455645161290322 0.5105846774193548 0.2227822580645161 0.5226814516129032 0.2540322580645161 0.5206653225806452 0.26411290322580644 0.5055443548387096 0.25504032258064513 0.4944556451612903 0.23286290322580644 0.483366935483871 0.20766129032258066
0 0.422883064516129 0.21875 0.421875 0.251008064516129 0.421875 0.2852822580645161 0.4299395161290323 0.29637096774193544 0.4410282258064516 0.28931451612903225 0.4440524193548387 0.2620967741935484 0.4420362903225807 0.22379032258064516 0.4359879032258065 0.2127016129032258
0 0.3392137096774194 0.3689516129032258 0.3472782258064516 0.376008064516129 0.359375 0.3981854838709677 0.3704637096774194 0.436491935483871 0.3765120967741936 0.470766129032258 0.3684475806451613 0.4858870967741935 0.3492943548387097 0.4667338709677419 0.3452620967741936 0.438508064516129 0.3371975806451613 0.407258064516129 0.3341733870967742 0.3850806451612903
0 0.3563508064516129 0.3860887096774194 0.3674395161290323 0.4233870967741935 0.3795362903225807 0.4616935483870968 0.389616935483871 0.4848790322580645 0.4047379032258065 0.4959677419354839 0.4097782258064516 0.4677419354838709 0.4027217741935484 0.4344758064516129 0.3835685483870968 0.4012096774193548
0 0.3341733870967742 0.39616935483870963 0.3432459677419355 0.4254032258064516 0.3503024193548387 0.4616935483870968 0.3503024193548387 0.4848790322580645 0.3412298387096774 0.4949596774193548 0.3301411290322581 0.4808467741935484 0.3190524193548387 0.4495967741935484 0.3251008064516129 0.4163306451612903
0 0.3855846774193548 0.59375 0.4007056451612903 0.6068548387096774 0.4128024193548387 0.6451612903225806 0.422883064516129 0.6814516129032258 0.4299395161290323 0.7328629032258064 0.4248991935483871 0.7570564516129032 0.4107862903225807 0.7580645161290323 0.3966733870967742 0.7429435483870968 0.3876008064516129 0.7127016129032258 0.3825604838709678 0.6663306451612903 0.3755040322580645 0.6340725806451613 0.3714717741935484 0.6078629032258064
0 0.4269153225806452 0.5907258064516129 0.4339717741935484 0.5917338709677419 0.4511088709677419 0.6028225806451613 0.4642137096774194 0.6290322580645161 0.4732862903225807 0.6542338709677419 0.4783266129032258 0.6754032258064516 0.483366935483871 0.7127016129032258 0.4773185483870968 0.71875 0.4632056451612903 0.6995967741935484 0.4480846774193548 0.6693548387096774 0.4349798387096774 0.6411290322580645 0.4279233870967742 0.6139112903225806
0 0.4763104838709677 0.7278225806451613 0.485383064516129 0.7278225806451613 0.4984879032258065 0.7469758064516129 0.5085685483870968 0.7731854838709677 0.5216733870967742 0.8044354838709677 0.5297379032258064 0.8377016129032258 0.5367943548387096 0.8639112903225807 0.5408266129032258 0.8901209677419356 0.5337701612903226 0.8991935483870968 0.5246975806451613 0.8961693548387097 0.5105846774193548 0.875 0.4984879032258065 0.8538306451612904 0.485383064516129 0.8064516129032258 0.4732862903225807 0.7691532258064516 0.4712701612903226 0.7449596774193548
0 0.4390120967741936 0.8770161290322582 0.4571572580645161 0.8870967741935484 0.4662298387096774 0.9163306451612904 0.4773185483870968 0.9576612903225807 0.4884072580645161 0.995967741935484 0.4595934139784951 0.9984375 0.4490927419354839 0.995967741935484 0.4359879032258065 0.9596774193548387 0.4248991935483871 0.9122983870967742 0.4238911290322581 0.8881048387096774
0 0.4894153225806452 0.8266129032258066 0.4793346774193548 0.838709677419355 0.4884072580645161 0.872983870967742 0.5015120967741936 0.9122983870967742 0.517641129032258 0.9465725806451614 0.5398185483870968 0.9828629032258066 0.5619959677419354 0.9879032258064516 0.5710685483870968 0.9606854838709677 0.5599798387096774 0.9294354838709677 0.5428427419354838 0.8931451612903226 0.5327620967741936 0.8981854838709677 0.517641129032258 0.8860887096774194 0.5045362903225806 0.8669354838709677 0.4924395161290323 0.84375
0 0.05695564516129035 0.6118951612903226 0.07610887096774195 0.6189516129032258 0.08820564516129034 0.6421370967741935 0.0932459677419355 0.6824596774193548 0.09727822580645165 0.719758064516129 0.0932459677419355 0.7439516129032258 0.0740927419354839 0.7409274193548387 0.0680443548387097 0.720766129032258 0.055947580645161296 0.6743951612903226 0.05493951612903229 0.6340725806451613
0 0.1436491935483871 0.8981854838709677 0.1547379032258065 0.8891129032258066 0.1668346774193549 0.8931451612903226 0.1738911290322581 0.907258064516129 0.1799395161290323 0.9375 0.1890120967741936 0.9899193548387097 0.18262348790322594 0.9984375 0.1547379032258065 0.9984375 0.1476814516129032 0.995967741935484 0.1476814516129032 0.9616935483870968 0.1446572580645161 0.9163306451612904
