0 0.4712701612903226 0.8921370967741936 0.4571572580645161 0.8598790322580646 0.4511088709677419 0.8054435483870968 0.4480846774193548 0.752016129032258 0.4662298387096774 0.7106854838709677 0.483366935483871 0.6925403225806451 0.5075604838709677 0.6975806451612903 0.5206653225806452 0.7288306451612903 0.5257056451612904 0.7691532258064516 0.5267137096774194 0.8235887096774194 0.5216733870967742 0.8639112903225807 0.5045362903225806 0.8840725806451614
0 0.5025201612903226 0.9495967741935484 0.5065524193548387 0.9112903225806452 0.5236895161290323 0.8558467741935484 0.5549395161290323 0.8044354838709677 0.577116935483871 0.7943548387096774 0.5952620967741936 0.8024193548387097 0.6033266129032258 0.8326612903225807 0.5882056451612904 0.8951612903225807 0.5650201612903226 0.9375 0.5367943548387096 0.964717741935484 0.514616935483871 0.966733870967742
0 0.5559475806451613 0.7973790322580645 0.5398185483870968 0.7782258064516129 0.5307459677419354 0.7540322580645161 0.5357862903225806 0.7217741935483871 0.5529233870967742 0.6925403225806451 0.575100806451613 0.6794354838709677 0.5912298387096774 0.6814516129032258 0.6053427419354838 0.6935483870967742 0.610383064516129 0.7167338709677419 0.612399193548387 0.7469758064516129 0.608366935483871 0.7731854838709677 0.5902217741935484 0.7842741935483871 0.5700604838709677 0.7903225806451613
0 0.6174395161290323 0.7419354838709677 0.6355846774193548 0.7116935483870968 0.6607862903225806 0.6824596774193548 0.6900201612903226 0.6774193548387097 0.706149193548387 0.6854838709677419 0.7091733870967742 0.7116935483870968 0.703125 0.7328629032258064 0.6839717741935484 0.7550403225806451 0.6607862903225806 0.7741935483870968 0.6275201612903226 0.7893145161290323 0.611391129032258 0.783266129032258 0.609375 0.7711693548387096
0 0.606350806451613 0.8921370967741936 0.608366935483871 0.8649193548387097 0.6184475806451613 0.8215725806451614 0.6567540322580646 0.7782258064516129 0.6799395161290323 0.7610887096774193 0.6990927419354838 0.7530241935483871 0.7152217741935484 0.7580645161290323 0.7222782258064516 0.7691532258064516 0.7263104838709677 0.7963709677419355 0.7212701612903226 0.8215725806451614 0.701108870967742 0.8558467741935484 0.671875 0.8881048387096774 0.6567540322580646 0.8981854838709677 0.6295362903225806 0.902217741935484
0 0.575100806451613 0.9627016129032258 0.5962701612903226 0.9314516129032258 0.6154233870967742 0.9163306451612904 0.639616935483871 0.903225806451613 0.6617943548387096 0.905241935483871 0.670866935483871 0.9183467741935484 0.6759072580645162 0.933467741935484 0.671875 0.9576612903225807 0.6628024193548387 0.9818548387096774 0.6452984991039425 0.9984375 0.5992943548387096 0.9984375 0.5871975806451613 0.9879032258064516 0.5740927419354838 0.9868951612903226
0 0.674899193548387 0.9183467741935484 0.7242943548387096 0.9163306451612904 0.7505040322580646 0.907258064516129 0.763608870967742 0.8850806451612904 0.768649193548387 0.8588709677419356 0.762600806451613 0.8356854838709677 0.7384072580645162 0.8245967741935484 0.7182459677419354 0.8245967741935484 0.703125 0.8548387096774194 0.6910282258064516 0.8669354838709677 0.671875 0.8901209677419356 0.6638104838709677 0.8971774193548387
0 0.7283266129032258 0.7953629032258064 0.7474798387096774 0.7772177419354838 0.7545362903225806 0.7550403225806451 0.7696572580645162 0.7479838709677419 0.798891129032258 0.7409274193548387 0.8130040322580646 0.7580645161290323 0.8130040322580646 0.7792338709677419 0.794858870967742 0.807459677419355 0.7777217741935484 0.8346774193548387 0.767641129032258 0.84375 0.7565524193548387 0.8296370967741936 0.7303427419354838 0.8276209677419356 0.7212701612903226 0.8195564516129032
0 0.7192540322580646 0.7631048387096774 0.7505040322580646 0.7368951612903226 0.7777217741935484 0.7036290322580645 0.7878024193548387 0.6703629032258064 0.7827620967741936 0.6401209677419355 0.7595766129032258 0.6360887096774193 0.7394153225806452 0.6411290322580645 0.7212701612903226 0.6451612903225806 0.700100806451613 0.6663306451612903 0.6930443548387096 0.6774193548387097 0.7081653225806452 0.6925403225806451 0.7081653225806452 0.7127016129032258 0.6980846774193548 0.7338709677419355 0.6859879032258064 0.7489919354838709 0.703125 0.7540322580645161
0 0.6255040322580646 0.7086693548387097 0.607358870967742 0.6985887096774193 0.6013104838709677 0.6794354838709677 0.6023185483870968 0.6532258064516129 0.6174395161290323 0.6360887096774193 0.6345766129032258 0.626008064516129 0.6607862903225806 0.625 0.6819556451612904 0.6401209677419355 0.6990927419354838 0.657258064516129 0.6980846774193548 0.6713709677419355 0.6849798387096774 0.6794354838709677 0.6658266129032258 0.6824596774193548 0.642641129032258 0.6935483870967742
0 0.5720766129032258 0.627016129032258 0.5619959677419354 0.6058467741935484 0.5569556451612904 0.5655241935483871 0.5569556451612904 0.5272177419354839 0.5680443548387096 0.4899193548387097 0.5821572580645162 0.4606854838709677 0.6053427419354838 0.4475806451612903 0.6204637096774194 0.4465725806451613 0.6355846774193548 0.4586693548387097 0.6365927419354838 0.4808467741935484 0.642641129032258 0.501008064516129 0.642641129032258 0.5171370967741935 0.639616935483871 0.5514112903225806 0.6345766129032258 0.6028225806451613 0.6295362903225806 0.6300403225806451 0.6194556451612904 0.6139112903225806 0.5972782258064516 0.6118951612903226
0 0.7202620967741936 0.6431451612903226 0.7111895161290323 0.6169354838709677 0.7081653225806452 0.5846774193548387 0.7192540322580646 0.5544354838709677 0.737399193548387 0.5292338709677419 0.7595766129032258 0.5181451612903226 0.7797379032258064 0.5262096774193548 0.7867943548387096 0.5524193548387097 0.7847782258064516 0.5806451612903226 0.766633064516129 0.6108870967741935 0.7474798387096774 0.6381048387096774 0.733366935483871 0.6391129032258064
0 0.6567540322580646 0.6209677419354838 0.6527217741935484 0.594758064516129 0.6466733870967742 0.5514112903225806 0.6466733870967742 0.5151209677419355 0.6567540322580646 0.4858870967741935 0.6779233870967742 0.4667338709677419 0.6950604838709677 0.4647177419354839 0.7162298387096774 0.470766129032258 0.7293346774193548 0.4949596774193548 0.732358870967742 0.5272177419354839 0.7273185483870968 0.5453629032258064 0.7162298387096774 0.5604838709677419 0.7101814516129032 0.5826612903225806 0.7132056451612904 0.6169354838709677 0.7111895161290323 0.6370967741935484 0.6940524193548387 0.6451612903225806 0.669858870967742 0.6280241935483871
0 0.7787298387096774 0.6360887096774193 0.764616935483871 0.6229838709677419 0.7746975806451613 0.5967741935483871 0.7857862903225806 0.5685483870967742 0.796875 0.5473790322580645 0.8251008064516128 0.5221774193548387 0.8563508064516128 0.5131048387096774 0.8775201612903226 0.5181451612903226 0.8845766129032258 0.5403225806451613 0.8724798387096774 0.5675403225806451 0.8442540322580646 0.6028225806451613 0.8130040322580646 0.6209677419354838 0.794858870967742 0.6340725806451613
0 0.7152217741935484 0.4657258064516129 0.7414314516129032 0.4213709677419355 0.7797379032258064 0.3729838709677419 0.8140120967741936 0.3548387096774194 0.8402217741935484 0.3568548387096774 0.8472782258064516 0.38911290322580644 0.8442540322580646 0.4274193548387097 0.8200604838709677 0.4637096774193548 0.8009072580645162 0.4889112903225806 0.7797379032258064 0.5060483870967742 0.7535282258064516 0.5221774193548387 0.7384072580645162 0.5201612903225806 0.7293346774193548 0.4929435483870968 0.7172379032258064 0.4778225806451613
0 0.8361895161290323 0.5131048387096774 0.8472782258064516 0.4808467741935484 0.8462701612903226 0.4606854838709677 0.8442540322580646 0.4495967741935484 0.8825604838709677 0.4102822580645161 0.9087701612903226 0.3780241935483871 0.9380040322580646 0.3528225806451613 0.9611895161290323 0.34274193548387094 0.987399193548387 0.3508064516129032 0.9884072580645162 0.376008064516129 0.984375 0.4022177419354839 0.9783266129032258 0.4254032258064516 0.9581653225806452 0.4546370967741935 0.9501008064516128 0.4667338709677419 0.9369959677419354 0.4788306451612903 0.923891129032258 0.4909274193548387 0.9047379032258064 0.5070564516129032 0.8835685483870968 0.5221774193548387 0.8684475806451613 0.5161290322580645
0 0.7857862903225806 0.6411290322580645 0.8059475806451613 0.626008064516129 0.830141129032258 0.6139112903225806 0.829133064516129 0.625 0.8220766129032258 0.6481854838709677 0.8170362903225806 0.6784274193548387 0.797883064516129 0.7026209677419355 0.7807459677419354 0.7278225806451613 0.7585685483870968 0.752016129032258 0.7494959677419354 0.7429435483870968 0.7515120967741936 0.7308467741935484 0.7746975806451613 0.7106854838709677 0.7847782258064516 0.688508064516129 0.7867943548387096 0.6673387096774193
0 0.7757056451612904 0.7429435483870968 0.8392137096774194 0.6955645161290323 0.8704637096774194 0.6481854838709677 0.8815524193548387 0.6108870967741935 0.8815524193548387 0.5907258064516129 0.8684475806451613 0.5806451612903226 0.8543346774193548 0.5856854838709677 0.8321572580645162 0.6118951612903226 0.830141129032258 0.6280241935483871 0.8190524193548387 0.6653225806451613 0.8069556451612904 0.6935483870967742 0.7878024193548387 0.7147177419354838
0 0.8765120967741936 0.5796370967741935 0.9047379032258064 0.5786290322580645 0.9339717741935484 0.564516129032258 0.955141129032258 0.5372983870967742 0.9692540322580646 0.5100806451612903 0.9692540322580646 0.4979838709677419 0.9611895161290323 0.4838709677419355 0.9339717741935484 0.4828629032258064 0.9017137096774194 0.5060483870967742 0.8835685483870968 0.5231854838709677 0.8825604838709677 0.5453629032258064 0.8684475806451613 0.5655241935483871 0.8634072580645162 0.5806451612903226
0 0.5337701612903226 0.7167338709677419 0.5509072580645162 0.6653225806451613 0.576108870967742 0.6290322580645161 0.609375 0.6088709677419355 0.6194556451612904 0.6159274193548387 0.6275201612903226 0.626008064516129 0.610383064516129 0.6441532258064516 0.6003024193548387 0.6653225806451613 0.5982862903225806 0.688508064516129 0.578125 0.6804435483870968 0.547883064516129 0.6955645161290323
0 0.799899193548387 0.3568548387096774 0.8089717741935484 0.29838709677419356 0.8361895161290323 0.23387096774193544 0.857358870967742 0.19052419354838707 0.888608870967742 0.16834677419354838 0.9037298387096774 0.17439516129032256 0.919858870967742 0.1875 0.919858870967742 0.22076612903225806 0.9087701612903226 0.2610887096774194 0.892641129032258 0.3064516129032258 0.8744959677419354 0.3417338709677419 0.857358870967742 0.3709677419354839 0.8492943548387096 0.3881048387096774 0.8402217741935484 0.3659274193548387 0.826108870967742 0.3568548387096774
0 0.8422379032258064 0.3951612903225806 0.8503024193548387 0.4143145161290322 0.8734879032258064 0.40625 0.8986895161290323 0.3911290322580645 0.9279233870967742 0.35786290322580644 0.9652217741935484 0.3235887096774194 0.987399193548387 0.28629032258064513 0.9984375 0.2559349798387095 0.9934475806451613 0.2288306451612903 0.9763104838709677 0.2217741935483871 0.954133064516129 0.2227822580645161 0.9309475806451613 0.23286290322580644 0.9117943548387096 0.25806451612903225 0.8996975806451613 0.282258064516129 0.8865927419354838 0.31754032258064513 0.8674395161290323 0.3538306451612903 0.8492943548387096 0.3850806451612903
0 0.6628024193548387 0.9828629032258066 0.6859879032258064 0.9778225806451614 0.7182459677419354 0.966733870967742 0.737399193548387 0.935483870967742 0.7454637096774194 0.9102822580645162 0.734375 0.9143145161290324 0.7273185483870968 0.9173387096774194 0.7101814516129032 0.9183467741935484 0.6839717741935484 0.9183467741935484 0.672883064516129 0.9274193548387097 0.674899193548387 0.9465725806451614 0.6648185483870968 0.96875
0 0.7283266129032258 0.44254032258064513 0.7192540322580646 0.4556451612903226 0.7162298387096774 0.3991935483870968 0.7253024193548387 0.33669354838709675 0.7464717741935484 0.30443548387096775 0.7746975806451613 0.2903225806451613 0.7918346774193548 0.29838709677419356 0.799899193548387 0.313508064516129 0.8009072580645162 0.33568548387096775 0.796875 0.3548387096774194 0.7918346774193548 0.3699596774193548 0.7716733870967742 0.3820564516129032 0.7515120967741936 0.4092741935483871 0.735383064516129 0.4314516129032258
0 0.6486895161290323 0.5050403225806451 0.6365927419354838 0.4778225806451613 0.6365927419354838 0.4415322580645161 0.643649193548387 0.4203629032258064 0.6517137096774194 0.4133064516129032 0.6648185483870968 0.4183467741935484 0.6809475806451613 0.4324596774193548 0.6869959677419354 0.4495967741935484 0.6890120967741936 0.4606854838709677 0.6769153225806452 0.4677419354838709 0.6628024193548387 0.4848790322580645
0 0.6023185483870968 0.4455645161290322 0.609375 0.407258064516129 0.6244959677419354 0.376008064516129 0.6507056451612904 0.3639112903225806 0.6617943548387096 0.3659274193548387 0.670866935483871 0.3780241935483871 0.671875 0.407258064516129 0.670866935483871 0.4254032258064516 0.6557459677419354 0.4143145161290322 0.642641129032258 0.4233870967741935 0.641633064516129 0.4405241935483871 0.6355846774193548 0.4556451612903226 0.6154233870967742 0.4495967741935484
0 0.669858870967742 0.4183467741935484 0.669858870967742 0.35181451612903225 0.672883064516129 0.30745967741935487 0.6799395161290323 0.2610887096774194 0.706149193548387 0.22983870967741934 0.731350806451613 0.22379032258064516 0.7484879032258064 0.23689516129032256 0.7535282258064516 0.26512096774193544 0.7535282258064516 0.2933467741935484 0.7494959677419354 0.30241935483870963 0.735383064516129 0.32056451612903225 0.7242943548387096 0.34576612903225806 0.7172379032258064 0.38306451612903225 0.7152217741935484 0.4122983870967742 0.7182459677419354 0.4405241935483871 0.704133064516129 0.4334677419354839 0.6880040322580646 0.4405241935483871
0 0.7515120967741936 0.2923387096774194 0.7555443548387096 0.2439516129032258 0.762600806451613 0.2006048387096774 0.7777217741935484 0.16028225806451613 0.8049395161290323 0.12903225806451613 0.8251008064516128 0.12298387096774192 0.8442540322580646 0.1350806451612903 0.8503024193548387 0.15725806451612903 0.8523185483870968 0.18850806451612903 0.8402217741935484 0.22379032258064516 0.8251008064516128 0.26411290322580644 0.8099798387096774 0.2973790322580645 0.8009072580645162 0.3155241935483871 0.7928427419354838 0.3014112903225806 0.7716733870967742 0.2943548387096774
0 0.3553427419354839 0.2288306451612903 0.3714717741935484 0.19556451612903225 0.391633064516129 0.1754032258064516 0.4097782258064516 0.16733870967741934 0.4198588709677419 0.17439516129032256 0.4178427419354839 0.1995967741935484 0.3986895161290323 0.22076612903225806 0.3755040322580645 0.2439516129032258 0.359375 0.23991935483870966
0 0.4128024193548387 0.16028225806451613 0.4329637096774194 0.13306451612903225 0.4501008064516129 0.1189516129032258 0.4652217741935484 0.12399193548387095 0.4732862903225807 0.13709677419354838 0.4652217741935484 0.16431451612903225 0.4390120967741936 0.1875 0.4279233870967742 0.20564516129032256 0.4158266129032258 0.19455645161290322 0.420866935483871 0.1723790322580645
0 0.4581653225806452 0.11794354838709678 0.4763104838709677 0.08266129032258064 0.484375 0.05846774193548386 0.4944556451612903 0.04838709677419355 0.5095766129032258 0.036290322580645164 0.5347782258064516 0.03528225806451613 0.5347782258064516 0.05241935483870967 0.5216733870967742 0.08568548387096774 0.5045362903225806 0.1098790322580645 0.4823588709677419 0.1310483870967742 0.4692540322580645 0.13407258064516128
0 0.420866935483871 0.1381048387096774 0.4148185483870968 0.1219758064516129 0.4279233870967742 0.0877016129032258 0.4440524193548387 0.053427419354838704 0.4621975806451613 0.04133064516129033 0.4763104838709677 0.04838709677419355 0.4803427419354839 0.07157258064516128 0.4662298387096774 0.09979838709677417 0.453125 0.11693548387096772 0.4400201612903226 0.12600806451612903
0 0.3503024193548387 0.2278225806451613 0.3392137096774194 0.2157258064516129 0.3462701612903226 0.1814516129032258 0.3543346774193548 0.14516129032258063 0.3704637096774194 0.1219758064516129 0.3926411290322581 0.1219758064516129 0.3976814516129032 0.13709677419354838 0.3886088709677419 0.16431451612903225 0.3825604838709678 0.18245967741935482 0.3714717741935484 0.19858870967741934 0.3634072580645161 0.2157258064516129
0 0.4561491935483871 0.18044354838709678 0.4682459677419355 0.1532258064516129 0.4763104838709677 0.1310483870967742 0.4924395161290323 0.12096774193548387 0.5105846774193548 0.10584677419354838 0.515625 0.11794354838709678 0.512600806451613 0.13709677419354838 0.4954637096774194 0.15725806451612903 0.4783266129032258 0.1784274193548387 0.4601814516129032 0.19052419354838707
0 0.4198588709677419 0.2066532258064516 0.4309475806451613 0.2217741935483871 0.4279233870967742 0.24495967741935484 0.4047379032258065 0.27116935483870963 0.391633064516129 0.2792338709677419 0.3795362903225807 0.28326612903225806 0.3613911290322581 0.28326612903225806 0.359375 0.2701612903225806 0.3634072580645161 0.2560483870967742 0.3785282258064516 0.23588709677419356 0.4047379032258065 0.21370967741935484
0 0.3422379032258065 0.21673387096774194 0.3472782258064516 0.18245967741935482 0.3392137096774194 0.16330645161290322 0.3331653225806452 0.15725806451612903 0.3160282258064516 0.16431451612903225 0.3009072580645161 0.18850806451612903 0.2948588709677419 0.21169354838709675 0.2948588709677419 0.24193548387096775 0.3029233870967742 0.2590725806451613 0.3200604838709678 0.2540322580645161 0.3321572580645161 0.2318548387096774
0 0.3311491935483871 0.15524193548387094 0.3432459677419355 0.11794354838709678 0.3543346774193548 0.10483870967741934 0.3694556451612903 0.09576612903225806 0.3744959677419355 0.10483870967741934 0.3775201612903226 0.1219758064516129 0.3644153225806452 0.13709677419354838 0.3503024193548387 0.15826612903225806 0.3462701612903226 0.17439516129032256
0 0.3835685483870968 0.1159274193548387 0.3865927419354839 0.09274193548387097 0.4017137096774194 0.08064516129032258 0.4148185483870968 0.07963709677419353 0.4248991935483871 0.0877016129032258 0.420866935483871 0.10887096774193547 0.4097782258064516 0.1310483870967742 0.3966733870967742 0.13306451612903225
0 0.3714717741935484 0.09778225806451613 0.3694556451612903 0.07157258064516128 0.3785282258064516 0.046370967741935484 0.391633064516129 0.0342741935483871 0.4037298387096774 0.04435483870967742 0.4077620967741936 0.06451612903225806 0.4077620967741936 0.08266129032258064 0.3946572580645161 0.08971774193548386 0.3795362903225807 0.10584677419354838
0 0.2505040322580645 0.3568548387096774 0.235383064516129 0.3497983870967742 0.2464717741935484 0.3235887096774194 0.26058467741935487 0.2933467741935484 0.2757056451612903 0.27620967741935487 0.2938508064516129 0.27318548387096775 0.297883064516129 0.2852822580645161 0.2928427419354839 0.30443548387096775 0.2837701612903226 0.33064516129032256 0.2615927419354839 0.3548387096774194
0 0.2878024193548387 0.3387096774193548 0.2908266129032258 0.3155241935483871 0.3019153225806452 0.28629032258064513 0.3140120967741936 0.2610887096774194 0.3311491935483871 0.25201612903225806 0.3402217741935484 0.26713709677419356 0.3301411290322581 0.28931451612903225 0.3150201612903226 0.3225806451612903 0.3049395161290323 0.3397177419354839
0 0.3089717741935484 0.3659274193548387 0.3119959677419355 0.3286290322580645 0.329133064516129 0.30544354838709675 0.3412298387096774 0.2943548387096774 0.3513104838709678 0.30443548387096775 0.3523185483870968 0.3225806451612903 0.3371975806451613 0.35887096774193544 0.3190524193548387 0.36693548387096775
0 0.3382056451612903 0.3568548387096774 0.3523185483870968 0.3235887096774194 0.3533266129032258 0.30443548387096775 0.360383064516129 0.29536290322580644 0.3744959677419355 0.2852822580645161 0.389616935483871 0.2872983870967742 0.3956653225806452 0.2933467741935484 0.391633064516129 0.3155241935483871 0.3694556451612903 0.3326612903225806 0.3503024193548387 0.34879032258064513
0 0.3976814516129032 0.3004032258064516 0.4369959677419355 0.2933467741935484 0.4511088709677419 0.2701612903225806 0.4339717741935484 0.2530241935483871 0.4148185483870968 0.2540322580645161 0.3966733870967742 0.2792338709677419 0.391633064516129 0.28326612903225806
0 0.5418346774193548 0.26512096774193544 0.5529233870967742 0.2379032258064516 0.5630040322580646 0.2258064516129032 0.576108870967742 0.2258064516129032 0.5851814516129032 0.23891129032258066 0.5720766129032258 0.25806451612903225 0.5609879032258064 0.27419354838709675 0.546875 0.28125
0 0.5005040322580645 0.3084677419354839 0.5186491935483872 0.29637096774193544 0.5317540322580646 0.2772177419354839 0.543850806451613 0.27419354838709675 0.5498991935483872 0.2883064516129032 0.5408266129032258 0.30745967741935487 0.5216733870967742 0.3235887096774194 0.5065524193548387 0.3256048387096774
0 0.4954637096774194 0.3316532258064516 0.4793346774193548 0.3125 0.4753024193548387 0.28326612903225806 0.4884072580645161 0.2631048387096774 0.4984879032258065 0.26713709677419356 0.5085685483870968 0.28326612903225806 0.5035282258064516 0.30241935483870963 0.4964717741935484 0.3195564516129032
0 0.5246975806451613 0.28125 0.516633064516129 0.26411290322580644 0.512600806451613 0.25 0.5206653225806452 0.23689516129032256 0.5307459677419354 0.23689516129032256 0.5398185483870968 0.251008064516129 0.5398185483870968 0.2631048387096774
0 0.515625 0.23588709677419356 0.5206653225806452 0.2036290322580645 0.5347782258064516 0.1663306451612903 0.5519153225806452 0.1663306451612903 0.5569556451612904 0.1875 0.547883064516129 0.21068548387096775 0.5388104838709677 0.22983870967741934
0 0.5630040322580646 0.2278225806451613 0.5700604838709677 0.19556451612903225 0.580141129032258 0.16532258064516128 0.5882056451612904 0.16330645161290322 0.5992943548387096 0.1754032258064516 0.5922379032258064 0.20161290322580644 0.5851814516129032 0.2247983870967742 0.5740927419354838 0.2318548387096774
0 0.4813508064516129 0.3790322580645161 0.4974798387096774 0.3598790322580645 0.512600806451613 0.3387096774193548 0.5236895161290323 0.34576612903225806 0.5196572580645162 0.3709677419354839 0.5025201612903226 0.39012096774193544 0.4863911290322581 0.4002016129032258
0 0.5710685483870968 0.2933467741935484 0.5861895161290323 0.2883064516129032 0.5982862903225806 0.2883064516129032 0.5962701612903226 0.3004032258064516 0.577116935483871 0.3125 0.5529233870967742 0.31754032258064513 0.5599798387096774 0.3104838709677419
