0 0.704133064516129 0.5453629032258064 0.6930443548387096 0.5705645161290323 0.6829637096774194 0.6058467741935484 0.6849798387096774 0.6300403225806451 0.6859879032258064 0.6612903225806451 0.6910282258064516 0.6854838709677419 0.701108870967742 0.7016129032258064 0.7182459677419354 0.7116935483870968 0.735383064516129 0.6935483870967742 0.7434475806451613 0.6683467741935484 0.7454637096774194 0.625 0.7384072580645162 0.5715725806451613 0.731350806451613 0.5524193548387097
0 0.6799395161290323 0.6441532258064516 0.668850806451613 0.6542338709677419 0.6547379032258064 0.6814516129032258 0.643649193548387 0.7066532258064516 0.639616935483871 0.7419354838709677 0.639616935483871 0.7701612903225806 0.6476814516129032 0.7973790322580645 0.6597782258064516 0.8165322580645162 0.6769153225806452 0.808467741935484 0.6910282258064516 0.782258064516129 0.702116935483871 0.7318548387096774 0.704133064516129 0.7066532258064516 0.6940524193548387 0.688508064516129 0.6849798387096774 0.658266129032258
0 0.703125 0.7147177419354838 0.701108870967742 0.7439516129032258 0.6980846774193548 0.7852822580645161 0.701108870967742 0.8145161290322582 0.7071572580645162 0.8447580645161292 0.7253024193548387 0.8608870967741936 0.7414314516129032 0.8457661290322582 0.7555443548387096 0.7993951612903225 0.7565524193548387 0.7419354838709677 0.7454637096774194 0.6945564516129032 0.737399193548387 0.688508064516129 0.7283266129032258 0.7046370967741935 0.7152217741935484 0.7096774193548387
0 0.6648185483870968 0.8165322580645162 0.6547379032258064 0.8669354838709677 0.6547379032258064 0.8921370967741936 0.6597782258064516 0.9092741935483872 0.6668346774193548 0.9254032258064516 0.6809475806451613 0.9254032258064516 0.6910282258064516 0.905241935483871 0.6900201612903226 0.870967741935484 0.6920362903225806 0.8195564516129032 0.6880040322580646 0.7913306451612903 0.673891129032258 0.8054435483870968
0 0.7404233870967742 0.8518145161290324 0.7474798387096774 0.875 0.7595766129032258 0.8931451612903226 0.7706653225806452 0.8981854838709677 0.7878024193548387 0.8770161290322582 0.793850806451613 0.841733870967742 0.7888104838709677 0.7943548387096774 0.7787298387096774 0.7651209677419355 0.7595766129032258 0.7399193548387097 0.7545362903225806 0.75 0.7565524193548387 0.7862903225806451 0.7494959677419354 0.8155241935483872 0.7414314516129032 0.839717741935484
0 0.7505040322580646 0.7116935483870968 0.7545362903225806 0.7328629032258064 0.765625 0.751008064516129 0.7787298387096774 0.7661290322580645 0.7908266129032258 0.7762096774193548 0.799899193548387 0.7641129032258064 0.8049395161290323 0.7368951612903226 0.796875 0.7016129032258064 0.7888104838709677 0.6955645161290323 0.7837701612903226 0.7116935483870968 0.7736895161290323 0.7137096774193548
0 0.7525201612903226 0.7036290322580645 0.7414314516129032 0.688508064516129 0.7414314516129032 0.6733870967741935 0.7434475806451613 0.6451612903225806 0.7454637096774194 0.6149193548387097 0.7434475806451613 0.5917338709677419 0.7484879032258064 0.5907258064516129 0.767641129032258 0.6048387096774193 0.7797379032258064 0.6199596774193548 0.7888104838709677 0.6512096774193548 0.7888104838709677 0.6834677419354838 0.7837701612903226 0.7056451612903226 0.7706653225806452 0.7127016129032258
0 0.6799395161290323 0.5625 0.6668346774193548 0.5544354838709677 0.6527217741935484 0.5675403225806451 0.639616935483871 0.6108870967741935 0.637600806451613 0.6411290322580645 0.637600806451613 0.6703629032258064 0.6476814516129032 0.6935483870967742 0.6617943548387096 0.6703629032258064 0.6819556451612904 0.6391129032258064 0.6890120967741936 0.6129032258064516 0.6859879032258064 0.5836693548387097
0 0.7202620967741936 0.4415322580645161 0.7132056451612904 0.4556451612903226 0.703125 0.47379032258064513 0.705141129032258 0.501008064516129 0.706149193548387 0.5262096774193548 0.7152217741935484 0.5433467741935484 0.7293346774193548 0.5483870967741935 0.7444556451612904 0.5393145161290323 0.7545362903225806 0.5191532258064516 0.7555443548387096 0.4919354838709677 0.7525201612903226 0.469758064516129 0.7424395161290323 0.4465725806451613
0 0.7404233870967742 0.5493951612903226 0.7424395161290323 0.5685483870967742 0.7575604838709677 0.5877016129032258 0.7787298387096774 0.5887096774193548 0.7898185483870968 0.5786290322580645 0.7888104838709677 0.5584677419354838 0.7807459677419354 0.5292338709677419 0.7696572580645162 0.5040322580645161 0.7585685483870968 0.4969758064516129 0.7545362903225806 0.5151209677419355 0.7484879032258064 0.5372983870967742
0 0.6849798387096774 0.4133064516129032 0.670866935483871 0.4274193548387097 0.6547379032258064 0.4526209677419355 0.6496975806451613 0.4828629032258064 0.6456653225806452 0.5141129032258064 0.6547379032258064 0.5383064516129032 0.6779233870967742 0.5433467741935484 0.6910282258064516 0.5201612903225806 0.700100806451613 0.4889112903225806 0.7081653225806452 0.4536290322580645 0.7081653225806452 0.4274193548387097 0.703125 0.4153225806451613
0 0.7232862903225806 0.4324596774193548 0.7111895161290323 0.4102822580645161 0.7121975806451613 0.3860887096774194 0.7202620967741936 0.3719758064516129 0.735383064516129 0.3659274193548387 0.7494959677419354 0.3719758064516129 0.7575604838709677 0.3850806451612903 0.7595766129032258 0.4173387096774193 0.7474798387096774 0.4375 0.733366935483871 0.439516129032258
0 0.6759072580645162 0.407258064516129 0.6628024193548387 0.4354838709677419 0.6517137096774194 0.469758064516129 0.6466733870967742 0.4798387096774193 0.6295362903225806 0.4818548387096774 0.6204637096774194 0.4778225806451613 0.6194556451612904 0.4616935483870968 0.6194556451612904 0.438508064516129 0.6305443548387096 0.4133064516129032 0.6456653225806452 0.39314516129032256 0.6607862903225806 0.38407258064516125 0.673891129032258 0.3820564516129032
0 0.6678427419354838 0.36794354838709675 0.6446572580645162 0.36693548387096775 0.638608870967742 0.34879032258064513 0.640625 0.32056451612903225 0.6476814516129032 0.2913306451612903 0.6648185483870968 0.28125 0.6769153225806452 0.28125 0.6829637096774194 0.29939516129032256 0.6900201612903226 0.313508064516129 0.6920362903225806 0.32661290322580644 0.6859879032258064 0.3387096774193548 0.6799395161290323 0.35887096774193544
0 0.7232862903225806 0.344758064516129 0.7071572580645162 0.33568548387096775 0.705141129032258 0.3165322580645161 0.7071572580645162 0.29838709677419356 0.7142137096774194 0.2792338709677419 0.7242943548387096 0.2701612903225806 0.737399193548387 0.27620967741935487 0.7515120967741936 0.28629032258064513 0.7525201612903226 0.3034274193548387 0.7535282258064516 0.3245967741935484 0.7444556451612904 0.3397177419354839
0 0.7585685483870968 0.4889112903225806 0.7827620967741936 0.4848790322580645 0.7857862903225806 0.4727822580645161 0.7736895161290323 0.4455645161290322 0.763608870967742 0.436491935483871 0.7454637096774194 0.436491935483871 0.7434475806451613 0.4506048387096774 0.7505040322580646 0.4616935483870968 0.7575604838709677 0.4747983870967742
0 0.762600806451613 0.3870967741935484 0.7767137096774194 0.37399193548387094 0.7867943548387096 0.3497983870967742 0.7817540322580646 0.3245967741935484 0.763608870967742 0.34274193548387094 0.7444556451612904 0.36088709677419356 0.7464717741935484 0.3689516129032258
0 0.638608870967742 0.35181451612903225 0.6275201612903226 0.36189516129032256 0.6234879032258064 0.3790322580645161 0.6184475806451613 0.39213709677419356 0.6224798387096774 0.40625 0.637600806451613 0.405241935483871 0.6466733870967742 0.39314516129032256 0.6597782258064516 0.38407258064516125 0.6507056451612904 0.3699596774193548
0 0.637600806451613 0.3508064516129032 0.6244959677419354 0.36189516129032256 0.6234879032258064 0.37701612903225806 0.6194556451612904 0.3860887096774194 0.6144153225806452 0.3981854838709677 0.609375 0.39012096774193544 0.6033266129032258 0.37399193548387094 0.610383064516129 0.34879032258064513 0.6224798387096774 0.33366935483870963 0.640625 0.32963709677419356 0.643649193548387 0.3407258064516129
0 0.3261088709677419 0.7258064516129032 0.3200604838709678 0.7338709677419355 0.3109879032258065 0.7459677419354838 0.3039314516129032 0.7580645161290323 0.3069556451612903 0.7711693548387096 0.3119959677419355 0.7862903225806451 0.3210685483870968 0.7872983870967742 0.328125 0.7772177419354838 0.3341733870967742 0.7610887096774193 0.3382056451612903 0.7489919354838709 0.3361895161290323 0.7409274193548387 0.3301411290322581 0.7358870967741935
0 0.3402217741935484 0.7600806451612903 0.3331653225806452 0.7671370967741935 0.3321572580645161 0.7752016129032258 0.3301411290322581 0.7842741935483871 0.328125 0.7943548387096774 0.328125 0.8044354838709677 0.3321572580645161 0.8125 0.3402217741935484 0.8155241935483872 0.3482862903225807 0.8064516129032258 0.3543346774193548 0.7913306451612903 0.3563508064516129 0.7721774193548387 0.3543346774193548 0.7610887096774193
0 0.3513104838709678 0.7530241935483871 0.3543346774193548 0.7651209677419355 0.3553427419354839 0.7782258064516129 0.3533266129032258 0.7913306451612903 0.359375 0.8054435483870968 0.3674395161290323 0.809475806451613 0.3744959677419355 0.8054435483870968 0.3785282258064516 0.7983870967741935 0.3815524193548387 0.7862903225806451 0.3785282258064516 0.7691532258064516 0.3724798387096774 0.7540322580645161 0.3644153225806452 0.7419354838709677
0 0.3503024193548387 0.8175403225806452 0.3503024193548387 0.8377016129032258 0.3503024193548387 0.8497983870967742 0.3543346774193548 0.8649193548387097 0.360383064516129 0.875 0.3744959677419355 0.875 0.3825604838709678 0.8608870967741936 0.3815524193548387 0.8377016129032258 0.3724798387096774 0.8235887096774194
0 0.328125 0.8165322580645162 0.3200604838709678 0.8326612903225807 0.3210685483870968 0.8457661290322582 0.3251008064516129 0.8629032258064516 0.3311491935483871 0.870967741935484 0.3402217741935484 0.8629032258064516 0.3482862903225807 0.8467741935483872 0.3503024193548387 0.8296370967741936 0.3442540322580645 0.8165322580645162
0 0.3130040322580645 0.7913306451612903 0.3251008064516129 0.8014112903225807 0.3251008064516129 0.808467741935484 0.3240927419354839 0.8205645161290324 0.3170362903225807 0.8377016129032258 0.3059475806451613 0.8366935483870968 0.2928427419354839 0.8276209677419356 0.2928427419354839 0.8145161290322582 0.296875 0.7973790322580645
0 0.3210685483870968 0.8820564516129032 0.3069556451612903 0.9082661290322582 0.3059475806451613 0.9223790322580646 0.3029233870967742 0.9425403225806452 0.3079637096774194 0.9576612903225807 0.3170362903225807 0.9576612903225807 0.327116935483871 0.9495967741935484 0.3311491935483871 0.9264112903225807 0.3321572580645161 0.9092741935483872 0.3301411290322581 0.8870967741935484
0 0.3503024193548387 0.8639112903225807 0.3462701612903226 0.8901209677419356 0.3452620967741936 0.9082661290322582 0.3452620967741936 0.9304435483870968 0.3533266129032258 0.938508064516129 0.360383064516129 0.935483870967742 0.3704637096774194 0.9254032258064516 0.3704637096774194 0.9092741935483872 0.3704637096774194 0.8891129032258066 0.3634072580645161 0.872983870967742
0 0.297883064516129 0.8346774193548387 0.2938508064516129 0.8598790322580646 0.2928427419354839 0.8850806451612904 0.297883064516129 0.904233870967742 0.3069556451612903 0.903225806451613 0.3170362903225807 0.8850806451612904 0.3240927419354839 0.873991935483871 0.3261088709677419 0.8618951612903226 0.3200604838709678 0.8457661290322582 0.3140120967741936 0.839717741935484
