0 0.420866935483871 0.06451612903225806 0.3976814516129032 0.07661290322580645 0.389616935483871 0.10685483870967742 0.3865927419354839 0.12701612903225806 0.4047379032258065 0.1461693548387097 0.4309475806451613 0.15120967741935482 0.4359879032258065 0.1381048387096774 0.4430443548387097 0.1129032258064516 0.4410282258064516 0.08971774193548386 0.4299395161290323 0.07258064516129031
0 0.4884072580645161 0.07661290322580645 0.4742943548387097 0.0877016129032258 0.4692540322580645 0.10584677419354838 0.4652217741935484 0.12298387096774192 0.4712701612903226 0.14213709677419356 0.4813508064516129 0.15725806451612903 0.4944556451612903 0.17338709677419356 0.515625 0.1754032258064516 0.5257056451612904 0.15423387096774194 0.5246975806451613 0.12600806451612903 0.5226814516129032 0.10080645161290322 0.5085685483870968 0.0846774193548387
0 0.4944556451612903 0.1844758064516129 0.5105846774193548 0.19858870967741934 0.5378024193548387 0.2258064516129032 0.5398185483870968 0.25806451612903225 0.5428427419354838 0.282258064516129 0.5297379032258064 0.3034274193548387 0.5095766129032258 0.3064516129032258 0.4984879032258065 0.282258064516129 0.4934475806451613 0.2600806451612903 0.4823588709677419 0.23689516129032256 0.4722782258064516 0.22379032258064516 0.4672379032258065 0.20766129032258066 0.4803427419354839 0.19254032258064516
0 0.4480846774193548 0.21673387096774194 0.4652217741935484 0.22076612903225806 0.483366935483871 0.23588709677419356 0.5005040322580645 0.25806451612903225 0.5025201612903226 0.2913306451612903 0.5065524193548387 0.3185483870967742 0.5055443548387096 0.33064516129032256 0.5015120967741936 0.3477822580645161 0.4894153225806452 0.35786290322580644 0.4742943548387097 0.35786290322580644 0.4662298387096774 0.34375 0.454133064516129 0.3256048387096774 0.4460685483870968 0.3084677419354839 0.4359879032258065 0.2883064516129032 0.4349798387096774 0.2661290322580645 0.4390120967741936 0.2439516129032258
0 0.4107862903225807 0.2530241935483871 0.421875 0.2530241935483871 0.4359879032258065 0.26411290322580644 0.4390120967741936 0.28125 0.4400201612903226 0.3014112903225806 0.4410282258064516 0.3245967741935484 0.4390120967741936 0.344758064516129 0.4279233870967742 0.35887096774193544 0.4138104838709678 0.3689516129032258 0.3986895161290323 0.3639112903225806 0.3876008064516129 0.35181451612903225 0.3785282258064516 0.3225806451612903 0.3845766129032258 0.2933467741935484 0.3855846774193548 0.27116935483870963
0 0.4097782258064516 0.3729838709677419 0.4037298387096774 0.39012096774193544 0.3946572580645161 0.4032258064516129 0.3876008064516129 0.44254032258064513 0.390625 0.4919354838709677 0.3976814516129032 0.5131048387096774 0.4037298387096774 0.5352822580645161 0.421875 0.5413306451612903 0.4359879032258065 0.5383064516129032 0.4480846774193548 0.5221774193548387 0.4581653225806452 0.4909274193548387 0.4591733870967742 0.4637096774193548 0.4611895161290323 0.4254032258064516 0.454133064516129 0.4002016129032258 0.4420362903225807 0.3709677419354839 0.4289314516129032 0.3598790322580645
0 0.4642137096774194 0.470766129032258 0.4773185483870968 0.4848790322580645 0.4914314516129032 0.5040322580645161 0.4964717741935484 0.5262096774193548 0.5095766129032258 0.5564516129032258 0.5095766129032258 0.5786290322580645 0.5085685483870968 0.6008064516129032 0.5085685483870968 0.6219758064516129 0.4924395161290323 0.65625 0.4793346774193548 0.658266129032258 0.4682459677419355 0.6522177419354838 0.4511088709677419 0.6290322580645161 0.4420362903225807 0.5967741935483871 0.4420362903225807 0.5705645161290323 0.4309475806451613 0.5403225806451613 0.4450604838709678 0.5221774193548387 0.4551411290322581 0.4979838709677419
0 0.3886088709677419 0.5201612903225806 0.4138104838709678 0.5393145161290323 0.4359879032258065 0.5483870967741935 0.4359879032258065 0.5685483870967742 0.4410282258064516 0.594758064516129 0.4390120967741936 0.6169354838709677 0.4380040322580645 0.6401209677419355 0.4369959677419355 0.6602822580645161 0.4309475806451613 0.6794354838709677 0.421875 0.6975806451612903 0.4077620967741936 0.7056451612903226 0.3976814516129032 0.7036290322580645 0.3845766129032258 0.6854838709677419 0.3755040322580645 0.6602822580645161 0.3724798387096774 0.627016129032258 0.3724798387096774 0.59375 0.3775201612903226 0.5574596774193548
0 0.3805443548387097 0.4122983870967742 0.360383064516129 0.4314516129032258 0.3442540322580645 0.4475806451612903 0.3382056451612903 0.4596774193548387 0.3371975806451613 0.4889112903225806 0.3371975806451613 0.5191532258064516 0.3422379032258065 0.5342741935483871 0.3523185483870968 0.5463709677419355 0.3765120967741936 0.5504032258064516 0.3876008064516129 0.533266129032258 0.3946572580645161 0.5120967741935484 0.3956653225806452 0.4889112903225806 0.3926411290322581 0.4606854838709677 0.389616935483871 0.4445564516129032 0.389616935483871 0.4233870967741935
0 0.3694556451612903 0.5715725806451613 0.3462701612903226 0.5987903225806451 0.3351814516129032 0.6360887096774193 0.3240927419354839 0.6754032258064516 0.328125 0.7036290322580645 0.3351814516129032 0.7278225806451613 0.3523185483870968 0.7459677419354838 0.3724798387096774 0.7338709677419355 0.3845766129032258 0.7157258064516129 0.390625 0.6975806451612903 0.3815524193548387 0.6743951612903226 0.3765120967741936 0.6512096774193548 0.3775201612903226 0.626008064516129 0.3744959677419355 0.594758064516129
0 0.4652217741935484 0.38407258064516125 0.4803427419354839 0.375 0.4904233870967742 0.3790322580645161 0.4984879032258065 0.4012096774193548 0.514616935483871 0.436491935483871 0.513608870967742 0.4768145161290322 0.515625 0.5080645161290323 0.5015120967741936 0.5292338709677419 0.4813508064516129 0.4979838709677419 0.4652217741935484 0.4798387096774193 0.4591733870967742 0.4616935483870968 0.4591733870967742 0.4274193548387097
0 0.4490927419354839 0.6300403225806451 0.4672379032258065 0.6532258064516129 0.483366935483871 0.6723790322580645 0.4873991935483871 0.7016129032258064 0.4884072580645161 0.7469758064516129 0.483366935483871 0.7610887096774193 0.4763104838709677 0.7762096774193548 0.4561491935483871 0.7762096774193548 0.4470766129032258 0.7641129032258064 0.4460685483870968 0.7298387096774193 0.4450604838709678 0.7006048387096774 0.4450604838709678 0.6754032258064516
0 0.3926411290322581 0.3629032258064516 0.3976814516129032 0.3860887096774194 0.390625 0.4092741935483871 0.3744959677419355 0.4163306451612903 0.3543346774193548 0.4143145161290322 0.3422379032258065 0.4022177419354839 0.3442540322580645 0.38004032258064513 0.3452620967741936 0.3528225806451613 0.360383064516129 0.33064516129032256 0.3815524193548387 0.3185483870967742 0.3825604838709678 0.33669354838709675 0.390625 0.35181451612903225
0 0.421875 0.2439516129032258 0.4319556451612903 0.219758064516129 0.4319556451612903 0.19254032258064516 0.4248991935483871 0.17943548387096772 0.4148185483870968 0.1693548387096774 0.4007056451612903 0.17137096774193547 0.3886088709677419 0.1784274193548387 0.3825604838709678 0.19556451612903225 0.3815524193548387 0.219758064516129 0.3886088709677419 0.2409274193548387 0.3926411290322581 0.25504032258064513 0.4117943548387097 0.25504032258064513
0 0.4964717741935484 0.1875 0.516633064516129 0.2066532258064516 0.5357862903225806 0.2258064516129032 0.5418346774193548 0.2096774193548387 0.5428427419354838 0.1814516129032258 0.5367943548387096 0.16532258064516128 0.5246975806451613 0.15826612903225806 0.5196572580645162 0.1723790322580645
0 0.8382056451612904 0.7328629032258064 0.8462701612903226 0.7439516129032258 0.8503024193548387 0.7631048387096774 0.8513104838709677 0.7872983870967742 0.8452620967741936 0.8044354838709677 0.829133064516129 0.8054435483870968 0.8230846774193548 0.7842741935483871 0.8230846774193548 0.7590725806451613
0 0.8734879032258064 0.7489919354838709 0.8835685483870968 0.7489919354838709 0.892641129032258 0.7610887096774193 0.9027217741935484 0.7893145161290323 0.9017137096774194 0.8135080645161292 0.892641129032258 0.8306451612903226 0.8815524193548387 0.8276209677419356 0.8734879032258064 0.8175403225806452 0.8694556451612904 0.7943548387096774 0.8674395161290323 0.7661290322580645
0 0.8341733870967742 0.7348790322580645 0.8220766129032258 0.7348790322580645 0.8109879032258064 0.7227822580645161 0.8089717741935484 0.7026209677419355 0.8180443548387096 0.6794354838709677 0.8351814516129032 0.6683467741935484 0.8503024193548387 0.6774193548387097 0.8492943548387096 0.6925403225806451 0.8503024193548387 0.7116935483870968
0 0.8523185483870968 0.6794354838709677 0.8513104838709677 0.6955645161290323 0.8523185483870968 0.7076612903225806 0.8664314516129032 0.7217741935483871 0.8805443548387096 0.7137096774193548 0.8825604838709677 0.6945564516129032 0.8795362903225806 0.6743951612903226 0.8734879032258064 0.6622983870967742 0.8674395161290323 0.6764112903225806
0 0.8815524193548387 0.6965725806451613 0.8805443548387096 0.7157258064516129 0.8734879032258064 0.7268145161290323 0.8755040322580646 0.7368951612903226 0.8825604838709677 0.7479838709677419 0.891633064516129 0.7600806451612903 0.9027217741935484 0.7701612903225806 0.9117943548387096 0.7590725806451613 0.9138104838709677 0.7389112903225806 0.9138104838709677 0.7116935483870968 0.9087701612903226 0.6935483870967742 0.8966733870967742 0.6935483870967742
0 0.8503024193548387 0.6038306451612903 0.8644153225806452 0.6129032258064516 0.8755040322580646 0.6350806451612903 0.8755040322580646 0.657258064516129 0.8674395161290323 0.6713709677419355 0.8553427419354838 0.6663306451612903 0.8462701612903226 0.65625 0.8412298387096774 0.6300403225806451
0 0.8452620967741936 0.5917338709677419 0.8452620967741936 0.6139112903225806 0.8402217741935484 0.6330645161290323 0.8462701612903226 0.6481854838709677 0.8392137096774194 0.6612903225806451 0.8230846774193548 0.6612903225806451 0.8119959677419354 0.6522177419354838 0.8140120967741936 0.627016129032258 0.8210685483870968 0.6098790322580645 0.829133064516129 0.5967741935483871
0 0.8724798387096774 0.5866935483870968 0.8664314516129032 0.6068548387096774 0.8734879032258064 0.626008064516129 0.8805443548387096 0.6381048387096774 0.8986895161290323 0.6421370967741935 0.9047379032258064 0.6229838709677419 0.8996975806451613 0.594758064516129 0.889616935483871 0.5826612903225806
0 0.889616935483871 0.6421370967741935 0.8765120967741936 0.6502016129032258 0.8744959677419354 0.6602822580645161 0.8775201612903226 0.6723790322580645 0.8785282258064516 0.6864919354838709 0.8855846774193548 0.6975806451612903 0.9047379032258064 0.6945564516129032 0.9158266129032258 0.6864919354838709 0.9148185483870968 0.6633064516129032 0.9117943548387096 0.6502016129032258
0 0.9027217741935484 0.6381048387096774 0.9188508064516128 0.6643145161290323 0.9259072580645162 0.6522177419354838 0.923891129032258 0.6219758064516129 0.9087701612903226 0.6078629032258064 0.9017137096774194 0.6048387096774193 0.9087701612903226 0.627016129032258
