0 0.3180443548387097 0.3860887096774194 0.3321572580645161 0.4002016129032258 0.3392137096774194 0.4233870967741935 0.3442540322580645 0.4526209677419355 0.3472782258064516 0.4838709677419355 0.3442540322580645 0.5231854838709677 0.3432459677419355 0.5685483870967742 0.3422379032258065 0.5997983870967742 0.3331653225806452 0.6219758064516129 0.3210685483870968 0.625 0.3140120967741936 0.6108870967741935 0.297883064516129 0.5776209677419355 0.29183467741935487 0.5282258064516129 0.2898185483870968 0.4758064516129032 0.2948588709677419 0.4233870967741935 0.3039314516129032 0.3951612903225806
0 0.3694556451612903 0.4344758064516129 0.3946572580645161 0.4485887096774193 0.4067540322580645 0.4788306451612903 0.4178427419354839 0.5151209677419355 0.4279233870967742 0.5574596774193548 0.4380040322580645 0.5796370967741935 0.4380040322580645 0.6169354838709677 0.4259072580645161 0.6451612903225806 0.4148185483870968 0.6622983870967742 0.3986895161290323 0.6703629032258064 0.3805443548387097 0.6653225806451613 0.3694556451612903 0.6310483870967742 0.358366935483871 0.6048387096774193 0.3482862903225807 0.5735887096774193 0.3462701612903226 0.5423387096774193 0.3432459677419355 0.5080645161290323 0.3442540322580645 0.4788306451612903 0.3533266129032258 0.4526209677419355
0 0.3553427419354839 0.6370967741935484 0.3684475806451613 0.6381048387096774 0.3755040322580645 0.65625 0.3805443548387097 0.6713709677419355 0.3936491935483871 0.6693548387096774 0.3926411290322581 0.688508064516129 0.3956653225806452 0.7106854838709677 0.3986895161290323 0.7540322580645161 0.3976814516129032 0.7752016129032258 0.3966733870967742 0.8195564516129032 0.391633064516129 0.839717741935484 0.3825604838709678 0.8568548387096774 0.3755040322580645 0.871975806451613 0.3634072580645161 0.8760080645161292 0.3412298387096774 0.8578629032258066 0.3321572580645161 0.8306451612903226 0.329133064516129 0.7872983870967742 0.3371975806451613 0.7389112903225806 0.3361895161290323 0.6875 0.3402217741935484 0.6512096774193548
0 0.2878024193548387 0.4788306451612903 0.2706653225806452 0.501008064516129 0.2595766129032258 0.5302419354838709 0.2555443548387097 0.5604838709677419 0.2454637096774194 0.5877016129032258 0.2373991935483871 0.627016129032258 0.233366935483871 0.6542338709677419 0.232358870967742 0.6794354838709677 0.2373991935483871 0.7167338709677419 0.2525201612903226 0.7358870967741935 0.2706653225806452 0.7419354838709677 0.2857862903225807 0.7247983870967742 0.297883064516129 0.6955645161290323 0.297883064516129 0.6673387096774193 0.296875 0.6401209677419355 0.3049395161290323 0.6169354838709677 0.3049395161290323 0.5967741935483871 0.297883064516129 0.5705645161290323 0.2888104838709678 0.5080645161290323
0 0.3946572580645161 0.3346774193548387 0.4178427419354839 0.33366935483870963 0.4359879032258065 0.3629032258064516 0.454133064516129 0.408266129032258 0.4642137096774194 0.4485887096774193 0.4793346774193548 0.5060483870967742 0.4803427419354839 0.5483870967741935 0.4753024193548387 0.5675403225806451 0.4591733870967742 0.5766129032258064 0.4430443548387097 0.564516129032258 0.4259072580645161 0.5554435483870968 0.4198588709677419 0.5221774193548387 0.4107862903225807 0.4899193548387097 0.4047379032258065 0.46875 0.3966733870967742 0.4375 0.390625 0.4223790322580645 0.3886088709677419 0.4002016129032258 0.3855846774193548 0.38407258064516125 0.3855846774193548 0.36491935483870963 0.389616935483871 0.34576612903225806
0 0.3825604838709678 0.22681451612903225 0.391633064516129 0.2096774193548387 0.3996975806451613 0.19556451612903225 0.4248991935483871 0.21875 0.4470766129032258 0.2530241935483871 0.4621975806451613 0.282258064516129 0.4763104838709677 0.3084677419354839 0.4793346774193548 0.3235887096774194 0.4823588709677419 0.3397177419354839 0.4813508064516129 0.3659274193548387 0.4763104838709677 0.3860887096774194 0.4621975806451613 0.4012096774193548 0.4511088709677419 0.3991935483870968 0.4339717741935484 0.3568548387096774 0.4289314516129032 0.33669354838709675 0.4097782258064516 0.3225806451612903 0.3886088709677419 0.2913306451612903 0.3815524193548387 0.2560483870967742
0 0.3019153225806452 0.13306451612903225 0.3150201612903226 0.13608870967741934 0.3220766129032258 0.1441532258064516 0.3251008064516129 0.1592741935483871 0.3210685483870968 0.1814516129032258 0.3009072580645161 0.2379032258064516 0.2878024193548387 0.2560483870967742 0.2807459677419355 0.2701612903225806 0.2706653225806452 0.2691532258064516 0.2676411290322581 0.2379032258064516 0.2696572580645161 0.21169354838709675 0.2777217741935484 0.1875 0.2948588709677419 0.15423387096774194
0 0.3432459677419355 0.024193548387096774 0.3523185483870968 0.04133064516129033 0.3684475806451613 0.057459677419354836 0.3835685483870968 0.07056451612903225 0.4007056451612903 0.06149193548387096 0.4017137096774194 0.038306451612903226 0.3886088709677419 0.019153225806451613 0.3785282258064516 0.010080645161290322 0.3644153225806452 0.0020161290322580645 0.3533266129032258 0.0030241935483870967
0 0.3765120967741936 0.07358870967741934 0.3946572580645161 0.12701612903225806 0.4077620967741936 0.13911290322580644 0.4198588709677419 0.13306451612903225 0.4178427419354839 0.10383064516129033 0.4057459677419355 0.07459677419354839 0.3956653225806452 0.06149193548387096 0.3876008064516129 0.06955645161290322
0 0.3936491935483871 0.6784274193548387 0.3996975806451613 0.7147177419354838 0.4117943548387097 0.7368951612903226 0.4380040322580645 0.7399193548387097 0.4450604838709678 0.7147177419354838 0.452116935483871 0.6864919354838709 0.4480846774193548 0.6512096774193548 0.4380040322580645 0.6199596774193548 0.422883064516129 0.65625 0.4138104838709678 0.6713709677419355
0 0.5519153225806452 0.3941532258064516 0.5660282258064516 0.39616935483870963 0.5720766129032258 0.41129032258064513 0.579133064516129 0.4455645161290322 0.5811491935483872 0.4828629032258064 0.5821572580645162 0.5120967741935484 0.5821572580645162 0.5423387096774193 0.5700604838709677 0.5574596774193548 0.5498991935483872 0.5554435483870968 0.5408266129032258 0.5272177419354839 0.5408266129032258 0.4848790322580645 0.5408266129032258 0.4415322580645161 0.5398185483870968 0.4143145161290322
0 0.5811491935483872 0.6713709677419355 0.5942540322580646 0.6774193548387097 0.6023185483870968 0.7056451612903226 0.6023185483870968 0.7600806451612903 0.6043346774193548 0.7973790322580645 0.6013104838709677 0.839717741935484 0.5912298387096774 0.8639112903225807 0.5720766129032258 0.870967741935484 0.5599798387096774 0.8508064516129032 0.5569556451612904 0.8024193548387097 0.5589717741935484 0.7358870967741935 0.5640120967741936 0.6824596774193548
0 0.4994959677419355 0.40625 0.5075604838709677 0.4163306451612903 0.513608870967742 0.4465725806451613 0.5065524193548387 0.4909274193548387 0.4954637096774194 0.532258064516129 0.4863911290322581 0.5473790322580645 0.4793346774193548 0.5463709677419355 0.4783266129032258 0.5241935483870968 0.4783266129032258 0.4979838709677419 0.4732862903225807 0.4858870967741935 0.4783266129032258 0.4616935483870968 0.4873991935483871 0.4183467741935484
0 0.4914314516129032 0.5504032258064516 0.5005040322580645 0.5594758064516129 0.5055443548387096 0.5806451612903226 0.5075604838709677 0.6159274193548387 0.5065524193548387 0.6713709677419355 0.4984879032258065 0.7066532258064516 0.484375 0.7328629032258064 0.4692540322580645 0.719758064516129 0.4642137096774194 0.6844758064516129 0.4632056451612903 0.6381048387096774 0.4732862903225807 0.5816532258064516 0.4803427419354839 0.5544354838709677
0 0.5055443548387096 0.6481854838709677 0.5196572580645162 0.6512096774193548 0.5226814516129032 0.6743951612903226 0.5216733870967742 0.7066532258064516 0.5186491935483872 0.7409274193548387 0.5105846774193548 0.7691532258064516 0.5005040322580645 0.807459677419355 0.484375 0.7943548387096774 0.4702620967741936 0.7691532258064516 0.4662298387096774 0.7530241935483871 0.4793346774193548 0.7641129032258064 0.4904233870967742 0.7741935483870968 0.483366935483871 0.7550403225806451 0.4722782258064516 0.7429435483870968 0.4662298387096774 0.7348790322580645 0.4702620967741936 0.7227822580645161 0.485383064516129 0.7308467741935484 0.5015120967741936 0.7036290322580645 0.5045362903225806 0.6733870967741935
0 0.5105846774193548 0.2006048387096774 0.5226814516129032 0.20463709677419356 0.5206653225806452 0.2217741935483871 0.5216733870967742 0.251008064516129 0.5257056451612904 0.2772177419354839 0.5105846774193548 0.3004032258064516 0.4954637096774194 0.3004032258064516 0.4863911290322581 0.2772177419354839 0.4863911290322581 0.25201612903225806 0.4974798387096774 0.22076612903225806
0 0.5287298387096774 0.17137096774193547 0.5206653225806452 0.19858870967741934 0.5186491935483872 0.2308467741935484 0.5236895161290323 0.2631048387096774 0.5317540322580646 0.2792338709677419 0.544858870967742 0.28024193548387094 0.5519153225806452 0.25806451612903225 0.5519153225806452 0.2308467741935484 0.546875 0.21471774193548385 0.544858870967742 0.19153225806451613 0.5398185483870968 0.1774193548387097
0 0.5509072580645162 0.19455645161290322 0.5690524193548387 0.20564516129032256 0.578125 0.2379032258064516 0.5821572580645162 0.26411290322580644 0.5730846774193548 0.2903225806451613 0.5609879032258064 0.2842741935483871 0.5519153225806452 0.26713709677419356 0.5509072580645162 0.2379032258064516 0.547883064516129 0.21774193548387094
0 0.9067540322580646 0.3014112903225806 0.920866935483871 0.29536290322580644 0.9349798387096774 0.3155241935483871 0.9380040322580646 0.3528225806451613 0.9430443548387096 0.3911290322580645 0.9440524193548387 0.4193548387096774 0.9299395161290323 0.4334677419354839 0.9188508064516128 0.4213709677419355 0.9057459677419354 0.3971774193548387 0.9017137096774194 0.36491935483870963 0.8976814516129032 0.3256048387096774
0 0.8513104838709677 0.3941532258064516 0.8634072580645162 0.4102822580645161 0.8644153225806452 0.4415322580645161 0.8664314516129032 0.4909274193548387 0.8644153225806452 0.5070564516129032 0.8503024193548387 0.5080645161290323 0.8422379032258064 0.4858870967741935 0.8382056451612904 0.4546370967741935 0.8432459677419354 0.4233870967741935
0 0.8966733870967742 0.5826612903225806 0.9107862903225806 0.5897177419354838 0.923891129032258 0.6229838709677419 0.9309475806451613 0.6522177419354838 0.9349798387096774 0.6743951612903226 0.9359879032258064 0.6955645161290323 0.9289314516129032 0.71875 0.9148185483870968 0.7298387096774193 0.9007056451612904 0.71875 0.8855846774193548 0.6905241935483871 0.8845766129032258 0.6522177419354838 0.8795362903225806 0.6018145161290323 0.8835685483870968 0.5907258064516129
0 0.8946572580645162 0.7288306451612903 0.9158266129032258 0.7368951612903226 0.9259072580645162 0.7610887096774193 0.9279233870967742 0.8054435483870968 0.923891129032258 0.8578629032258066 0.9188508064516128 0.8881048387096774 0.9138104838709677 0.902217741935484 0.891633064516129 0.9002016129032258 0.8795362903225806 0.8669354838709677 0.8734879032258064 0.809475806451613 0.8775201612903226 0.7641129032258064 0.8815524193548387 0.7358870967741935
0 0.8220766129032258 0.7389112903225806 0.8402217741935484 0.7439516129032258 0.8462701612903226 0.7580645161290323 0.8452620967741936 0.807459677419355 0.8412298387096774 0.8659274193548387 0.8341733870967742 0.9122983870967742 0.8130040322580646 0.933467741935484 0.796875 0.9304435483870968 0.7867943548387096 0.902217741935484 0.7857862903225806 0.8548387096774194 0.796875 0.7993951612903225 0.8109879032258064 0.751008064516129
0 0.7908266129032258 0.811491935483871 0.7807459677419354 0.7893145161290323 0.7857862903225806 0.7429435483870968 0.8009072580645162 0.7227822580645161 0.8150201612903226 0.7147177419354838 0.8251008064516128 0.7278225806451613 0.8210685483870968 0.7379032258064516 0.8109879032258064 0.7540322580645161 0.8019153225806452 0.7721774193548387
0 0.8029233870967742 0.6784274193548387 0.797883064516129 0.6985887096774193 0.7898185483870968 0.720766129032258 0.7777217741935484 0.7389112903225806 0.7474798387096774 0.7409274193548387 0.7474798387096774 0.71875 0.7484879032258064 0.6784274193548387 0.7716733870967742 0.657258064516129 0.7918346774193548 0.6481854838709677 0.8009072580645162 0.6612903225806451
0 0.7908266129032258 0.8235887096774194 0.7706653225806452 0.8336693548387097 0.7484879032258064 0.8377016129032258 0.733366935483871 0.8306451612903226 0.734375 0.8064516129032258 0.7394153225806452 0.7752016129032258 0.7595766129032258 0.7550403225806451 0.7736895161290323 0.7439516129032258 0.7867943548387096 0.7439516129032258 0.7857862903225806 0.7580645161290323 0.7817540322580646 0.7752016129032258 0.7797379032258064 0.7893145161290323 0.7857862903225806 0.7973790322580645 0.7928427419354838 0.8125
0 0.7565524193548387 0.840725806451613 0.7757056451612904 0.8346774193548387 0.796875 0.8306451612903226 0.7857862903225806 0.8518145161290324 0.7857862903225806 0.8790322580645162 0.7847782258064516 0.8921370967741936 0.7857862903225806 0.9082661290322582 0.7746975806451613 0.9213709677419356 0.7545362903225806 0.9203629032258066 0.7464717741935484 0.9092741935483872 0.7444556451612904 0.8840725806451614 0.7515120967741936 0.8528225806451614
