0 0.5005040322580645 0.7631048387096774 0.4944556451612903 0.7177419354838709 0.4974798387096774 0.6633064516129032 0.5005040322580645 0.6290322580645161 0.517641129032258 0.5987903225806451 0.5378024193548387 0.5927419354838709 0.5539314516129032 0.6078629032258064 0.5670362903225806 0.6391129032258064 0.5740927419354838 0.6743951612903226 0.5660282258064516 0.719758064516129 0.5539314516129032 0.7711693548387096 0.5428427419354838 0.8014112903225807 0.5186491935483872 0.7923387096774193
0 0.4682459677419355 0.8568548387096774 0.4420362903225807 0.808467741935484 0.4279233870967742 0.7600806451612903 0.4259072580645161 0.7137096774193548 0.4369959677419355 0.6875 0.452116935483871 0.688508064516129 0.4732862903225807 0.7116935483870968 0.4894153225806452 0.7469758064516129 0.5015120967741936 0.7792338709677419 0.5005040322580645 0.8155241935483872 0.5025201612903226 0.8457661290322582 0.4994959677419355 0.8618951612903226 0.4773185483870968 0.8669354838709677
0 0.4339717741935484 0.995967741935484 0.4188508064516129 0.9707661290322582 0.4077620967741936 0.938508064516129 0.4077620967741936 0.904233870967742 0.4158266129032258 0.8810483870967742 0.4269153225806452 0.8800403225806452 0.4420362903225807 0.8850806451612904 0.4511088709677419 0.8931451612903226 0.4470766129032258 0.9274193548387097 0.4390120967741936 0.9747983870967742
0 0.4067540322580645 0.8971774193548387 0.3815524193548387 0.8941532258064516 0.3654233870967742 0.875 0.3513104838709678 0.8447580645161292 0.3492943548387097 0.8155241935483872 0.360383064516129 0.7883064516129032 0.3795362903225807 0.783266129032258 0.4027217741935484 0.7903225806451613 0.4138104838709678 0.8135080645161292 0.4349798387096774 0.84375 0.4349798387096774 0.869959677419355 0.421875 0.8830645161290324
0 0.3704637096774194 0.783266129032258 0.3533266129032258 0.7681451612903226 0.3331653225806452 0.7348790322580645 0.3170362903225807 0.6864919354838709 0.3190524193548387 0.6602822580645161 0.3311491935483871 0.6350806451612903 0.3432459677419355 0.6310483870967742 0.358366935483871 0.6391129032258064 0.3755040322580645 0.6542338709677419 0.3876008064516129 0.6663306451612903 0.3996975806451613 0.6774193548387097 0.4117943548387097 0.71875 0.421875 0.7479838709677419 0.4178427419354839 0.7802419354838709 0.4037298387096774 0.7883064516129032
0 0.4067540322580645 0.6794354838709677 0.3613911290322581 0.6441532258064516 0.3492943548387097 0.6199596774193548 0.3422379032258065 0.5887096774193548 0.3492943548387097 0.5655241935483871 0.3684475806451613 0.5554435483870968 0.389616935483871 0.5675403225806451 0.4097782258064516 0.5997983870967742 0.4248991935483871 0.6381048387096774 0.4259072580645161 0.6703629032258064
0 0.4380040322580645 0.6764112903225806 0.4259072580645161 0.657258064516129 0.4248991935483871 0.626008064516129 0.4279233870967742 0.5967741935483871 0.4430443548387097 0.5715725806451613 0.4611895161290323 0.5735887096774193 0.4863911290322581 0.5927419354838709 0.4954637096774194 0.627016129032258 0.4994959677419355 0.6592741935483871 0.4773185483870968 0.689516129032258 0.4632056451612903 0.6925403225806451
0 0.4168346774193548 0.5997983870967742 0.4400201612903226 0.5786290322580645 0.4450604838709678 0.5504032258064516 0.4309475806451613 0.5262096774193548 0.4178427419354839 0.5120967741935484 0.3825604838709678 0.5141129032258064 0.358366935483871 0.5292338709677419 0.358366935483871 0.5554435483870968 0.3835685483870968 0.5614919354838709 0.3956653225806452 0.5796370967741935
0 0.3240927419354839 0.6381048387096774 0.2988911290322581 0.6038306451612903 0.2817540322580645 0.5776209677419355 0.2746975806451613 0.5443548387096774 0.2767137096774194 0.5201612903225806 0.2948588709677419 0.5070564516129032 0.3180443548387097 0.5110887096774193 0.3392137096774194 0.5302419354838709 0.3613911290322581 0.5534274193548387 0.3492943548387097 0.5675403225806451 0.3402217741935484 0.594758064516129 0.3482862903225807 0.6239919354838709 0.3432459677419355 0.6350806451612903
0 0.3543346774193548 0.7973790322580645 0.3140120967741936 0.7963709677419355 0.2878024193548387 0.7842741935483871 0.2777217741935484 0.7600806451612903 0.2706653225806452 0.7358870967741935 0.2746975806451613 0.7177419354838709 0.29183467741935487 0.7046370967741935 0.3140120967741936 0.7096774193548387 0.3311491935483871 0.720766129032258 0.3422379032258065 0.7459677419354838 0.3533266129032258 0.7681451612903226 0.3644153225806452 0.783266129032258
0 0.358366935483871 0.8689516129032258 0.3402217741935484 0.8608870967741936 0.3160282258064516 0.8508064516129032 0.3039314516129032 0.8316532258064516 0.295866935483871 0.811491935483871 0.2888104838709678 0.7872983870967742 0.3049395161290323 0.7913306451612903 0.3200604838709678 0.7993951612903225 0.3452620967741936 0.7993951612903225 0.3533266129032258 0.8034274193548387 0.3503024193548387 0.8245967741935484 0.3503024193548387 0.841733870967742
0 0.2736895161290323 0.7127016129032258 0.2585685483870968 0.6925403225806451 0.2444556451612903 0.6552419354838709 0.2404233870967742 0.6290322580645161 0.2474798387096774 0.6149193548387097 0.2716733870967742 0.6078629032258064 0.2867943548387097 0.6159274193548387 0.2938508064516129 0.6280241935483871 0.296875 0.6441532258064516 0.3109879032258065 0.6643145161290323 0.3190524193548387 0.6784274193548387 0.32308467741935487 0.7127016129032258 0.3089717741935484 0.7056451612903226 0.2867943548387097 0.7046370967741935
0 0.2867943548387097 0.6209677419354838 0.2595766129032258 0.5776209677419355 0.2464717741935484 0.5393145161290323 0.2444556451612903 0.5141129032258064 0.23941532258064518 0.4868951612903226 0.2454637096774194 0.4798387096774193 0.26058467741935487 0.4889112903225806 0.2757056451612903 0.5060483870967742 0.2857862903225807 0.5141129032258064 0.2736895161290323 0.5252016129032258 0.2777217741935484 0.563508064516129 0.2938508064516129 0.59375 0.3099798387096774 0.6129032258064516 0.296875 0.6219758064516129
0 0.4440524193548387 0.5685483870967742 0.4400201612903226 0.5473790322580645 0.4259072580645161 0.5302419354838709 0.4299395161290323 0.5090725806451613 0.4440524193548387 0.501008064516129 0.4621975806451613 0.5141129032258064 0.4793346774193548 0.5383064516129032 0.4924395161290323 0.5715725806451613 0.4974798387096774 0.6048387096774193 0.4974798387096774 0.625 0.484375 0.5987903225806451 0.4662298387096774 0.5816532258064516
0 0.4168346774193548 0.502016129032258 0.4158266129032258 0.4657258064516129 0.4168346774193548 0.4183467741935484 0.4148185483870968 0.3911290322580645 0.421875 0.3729838709677419 0.4309475806451613 0.34576612903225806 0.4420362903225807 0.33568548387096775 0.4571572580645161 0.3346774193548387 0.4732862903225807 0.3477822580645161 0.4894153225806452 0.3729838709677419 0.4934475806451613 0.4102822580645161 0.4924395161290323 0.4526209677419355 0.4863911290322581 0.4989919354838709 0.4702620967741936 0.5231854838709677 0.452116935483871 0.5090725806451613 0.4359879032258065 0.5080645161290323
0 0.3341733870967742 0.5191532258064516 0.3472782258064516 0.4959677419354839 0.3543346774193548 0.4606854838709677 0.3472782258064516 0.4264112903225806 0.328125 0.3951612903225806 0.3049395161290323 0.39314516129032256 0.29183467741935487 0.3941532258064516 0.2857862903225807 0.4163306451612903 0.2827620967741936 0.4455645161290322 0.2928427419354839 0.46875 0.3029233870967742 0.4969758064516129 0.3190524193548387 0.5171370967741935
0 0.3462701612903226 0.4929435483870968 0.3563508064516129 0.4637096774193548 0.3462701612903226 0.4294354838709677 0.3371975806451613 0.4102822580645161 0.3412298387096774 0.38407258064516125 0.3533266129032258 0.3497983870967742 0.3684475806451613 0.34274193548387094 0.3886088709677419 0.34879032258064513 0.4057459677419355 0.36794354838709675 0.4168346774193548 0.3941532258064516 0.4168346774193548 0.4324596774193548 0.4077620967741936 0.4677419354838709 0.3936491935483871 0.5050403225806451 0.3724798387096774 0.5211693548387097 0.3533266129032258 0.5161290322580645
0 0.2787298387096774 0.5100806451612903 0.2535282258064516 0.4848790322580645 0.23941532258064518 0.4747983870967742 0.2212701612903226 0.4495967741935484 0.2091733870967742 0.4294354838709677 0.2001008064516129 0.407258064516129 0.2001008064516129 0.3870967741935484 0.2132056451612903 0.3709677419354839 0.2384072580645161 0.376008064516129 0.2575604838709678 0.3881048387096774 0.2757056451612903 0.4022177419354839 0.2837701612903226 0.4233870967741935 0.2857862903225807 0.4435483870967742 0.2888104838709678 0.4627016129032258 0.2988911290322581 0.4868951612903226 0.3009072580645161 0.4989919354838709 0.2888104838709678 0.5090725806451613
0 0.2706653225806452 0.6078629032258064 0.2373991935483871 0.5675403225806451 0.2111895161290323 0.5302419354838709 0.1970766129032258 0.4868951612903226 0.1930443548387097 0.4536290322580645 0.2051411290322581 0.4415322580645161 0.2202620967741936 0.4475806451612903 0.234375 0.469758064516129 0.23941532258064518 0.4949596774193548 0.2384072580645161 0.5030241935483871 0.2464717741935484 0.5262096774193548 0.2545362903225807 0.563508064516129 0.2726814516129032 0.594758064516129
0 0.3089717741935484 0.3870967741935484 0.2837701612903226 0.36088709677419356 0.2595766129032258 0.3235887096774194 0.2494959677419355 0.28931451612903225 0.2444556451612903 0.2590725806451613 0.2545362903225807 0.2318548387096774 0.2696572580645161 0.2227822580645161 0.2867943548387097 0.2278225806451613 0.3119959677419355 0.24596774193548385 0.3321572580645161 0.28326612903225806 0.3503024193548387 0.3235887096774194 0.3573588709677419 0.3407258064516129 0.3543346774193548 0.3528225806451613 0.3422379032258065 0.38004032258064513 0.329133064516129 0.39314516129032256
0 0.2464717741935484 0.2469758064516129 0.2273185483870968 0.19858870967741934 0.2101814516129032 0.1461693548387097 0.1960685483870968 0.09374999999999999 0.1980846774193549 0.054435483870967735 0.2142137096774194 0.027217741935483875 0.235383064516129 0.03125 0.2545362903225807 0.0564516129032258 0.2757056451612903 0.10383064516129033 0.2837701612903226 0.14818548387096772 0.2938508064516129 0.20161290322580644 0.2898185483870968 0.2308467741935484 0.2736895161290323 0.2258064516129032
0 0.29183467741935487 0.18649193548387094 0.2777217741935484 0.11794354838709678 0.2636088709677419 0.07157258064516128 0.264616935483871 0.028225806451612906 0.2746975806451613 0.006048387096774193 0.2867943548387097 0.0 0.3089717741935484 0.0 0.3220766129032258 0.015120967741935484 0.3371975806451613 0.055443548387096774 0.3422379032258065 0.09979838709677417 0.3442540322580645 0.1461693548387097 0.3392137096774194 0.17641129032258063 0.3180443548387097 0.1663306451612903
0 0.3563508064516129 0.3256048387096774 0.3654233870967742 0.2943548387096774 0.3654233870967742 0.24193548387096775 0.359375 0.20564516129032256 0.3462701612903226 0.17641129032258063 0.3351814516129032 0.1663306451612903 0.3160282258064516 0.16431451612903225 0.2988911290322581 0.17641129032258063 0.295866935483871 0.20262096774193544 0.29183467741935487 0.22681451612903225 0.3009072580645161 0.23991935483870966 0.3190524193548387 0.2600806451612903 0.3321572580645161 0.2872983870967742
0 0.3664314516129032 0.29536290322580644 0.3855846774193548 0.30745967741935487 0.4037298387096774 0.2903225806451613 0.4087701612903226 0.2439516129032258 0.4128024193548387 0.1844758064516129 0.4107862903225807 0.1411290322580645 0.389616935483871 0.11391129032258066 0.3744959677419355 0.10483870967741934 0.3523185483870968 0.1129032258064516 0.3422379032258065 0.13205645161290322 0.3432459677419355 0.15625 0.3412298387096774 0.1723790322580645 0.3503024193548387 0.19556451612903225 0.3623991935483871 0.2217741935483871 0.3664314516129032 0.2469758064516129 0.3644153225806452 0.27620967741935487
0 0.3835685483870968 0.34274193548387094 0.3936491935483871 0.3155241935483871 0.4117943548387097 0.30241935483870963 0.4279233870967742 0.3034274193548387 0.4319556451612903 0.3235887096774194 0.4299395161290323 0.3568548387096774 0.422883064516129 0.38306451612903225 0.4117943548387097 0.38911290322580644 0.4047379032258065 0.36189516129032256
0 0.1990927419354839 0.3790322580645161 0.1577620967741936 0.32963709677419356 0.139616935483871 0.31149193548387094 0.1255040322580645 0.28629032258064513 0.1214717741935484 0.2379032258064516 0.1244959677419355 0.2036290322580645 0.1376008064516129 0.19254032258064516 0.1587701612903226 0.1975806451612903 0.1738911290322581 0.21169354838709675 0.1940524193548387 0.23689516129032256 0.2212701612903226 0.28629032258064513 0.2404233870967742 0.32762096774193544 0.2414314516129032 0.36189516129032256 0.2363911290322581 0.3790322580645161 0.2091733870967742 0.376008064516129
0 0.2444556451612903 0.27318548387096775 0.2263104838709678 0.2701612903225806 0.204133064516129 0.2560483870967742 0.1869959677419355 0.22681451612903225 0.1527217741935484 0.18548387096774194 0.1376008064516129 0.15120967741935482 0.1244959677419355 0.1159274193548387 0.1255040322580645 0.0877016129032258 0.1376008064516129 0.07056451612903225 0.16078629032258068 0.07258064516129031 0.1880040322580645 0.0877016129032258 0.202116935483871 0.10685483870967742 0.2091733870967742 0.1411290322580645 0.2222782258064516 0.18951612903225806 0.2373991935483871 0.2318548387096774 0.2494959677419355 0.251008064516129
0 0.1214717741935484 0.20463709677419356 0.10131048387096775 0.17943548387096772 0.0831653225806452 0.15120967741935482 0.06502016129032259 0.11794354838709678 0.0619959677419355 0.09374999999999999 0.07913306451612905 0.08064516129032258 0.09223790322580645 0.08165322580645161 0.11139112903225809 0.09475806451612903 0.1204637096774194 0.11693548387096772 0.1365927419354839 0.15221774193548387 0.1496975806451613 0.18245967741935482 0.1547379032258065 0.19556451612903225 0.1466733870967742 0.1995967741935484 0.1345766129032258 0.20161290322580644
0 0.204133064516129 0.4375 0.1819556451612903 0.438508064516129 0.1628024193548387 0.4264112903225806 0.1496975806451613 0.4143145161290322 0.1315524193548387 0.3870967741935484 0.1255040322580645 0.35786290322580644 0.1315524193548387 0.3387096774193548 0.1537298387096774 0.3346774193548387 0.169858870967742 0.3417338709677419 0.1829637096774194 0.36189516129032256 0.1990927419354839 0.3850806451612903 0.203125 0.405241935483871 0.204133064516129 0.4233870967741935
0 0.4047379032258065 0.28931451612903225 0.4057459677419355 0.2661290322580645 0.4168346774193548 0.2530241935483871 0.4339717741935484 0.25 0.4511088709677419 0.2701612903225806 0.4621975806451613 0.29536290322580644 0.4621975806451613 0.3377016129032258 0.4501008064516129 0.33568548387096775 0.4309475806451613 0.33568548387096775 0.4279233870967742 0.32056451612903225 0.4289314516129032 0.30745967741935487 0.4188508064516129 0.29939516129032256
0 0.6890120967741936 0.16431451612903225 0.668850806451613 0.14516129032258063 0.6577620967741936 0.12298387096774192 0.6527217741935484 0.10584677419354838 0.6547379032258064 0.0877016129032258 0.6658266129032258 0.08366935483870967 0.6769153225806452 0.09374999999999999 0.6950604838709677 0.1129032258064516 0.703125 0.1350806451612903 0.7071572580645162 0.1532258064516129 0.705141129032258 0.16431451612903225
0 0.7293346774193548 0.1723790322580645 0.7192540322580646 0.15423387096774194 0.7162298387096774 0.13608870967741934 0.7172379032258064 0.10584677419354838 0.7212701612903226 0.08870967741935484 0.732358870967742 0.0846774193548387 0.7464717741935484 0.0877016129032258 0.7555443548387096 0.10483870967741934 0.7595766129032258 0.14012096774193547 0.7605846774193548 0.16532258064516128 0.7525201612903226 0.18649193548387094 0.7384072580645162 0.18850806451612903
0 0.7615927419354838 0.2661290322580645 0.7515120967741936 0.2469758064516129 0.7515120967741936 0.21774193548387094 0.7615927419354838 0.19858870967741934 0.7706653225806452 0.2096774193548387 0.7898185483870968 0.22983870967741934 0.7918346774193548 0.2530241935483871 0.798891129032258 0.2772177419354839 0.7928427419354838 0.2933467741935484 0.7736895161290323 0.2852822580645161
0 0.7253024193548387 0.29637096774193544 0.7121975806451613 0.28024193548387094 0.704133064516129 0.25504032258064513 0.700100806451613 0.22379032258064516 0.7101814516129032 0.21673387096774194 0.7232862903225806 0.2278225806451613 0.734375 0.2530241935483871 0.737399193548387 0.2772177419354839
0 0.7071572580645162 0.28326612903225806 0.6910282258064516 0.2691532258064516 0.672883064516129 0.2469758064516129 0.6648185483870968 0.22076612903225806 0.6658266129032258 0.2066532258064516 0.6829637096774194 0.2066532258064516 0.702116935483871 0.22076612903225806 0.701108870967742 0.2379032258064516 0.705141129032258 0.26814516129032256
0 0.7142137096774194 0.3245967741935484 0.6960685483870968 0.31754032258064513 0.6839717741935484 0.2933467741935484 0.6849798387096774 0.282258064516129 0.6960685483870968 0.2721774193548387 0.706149193548387 0.28125 0.7242943548387096 0.29637096774193544 0.7283266129032258 0.3104838709677419
0 0.6769153225806452 0.20161290322580644 0.6587701612903226 0.19052419354838707 0.640625 0.16330645161290322 0.6355846774193548 0.1411290322580645 0.6446572580645162 0.12600806451612903 0.6587701612903226 0.1280241935483871 0.668850806451613 0.1471774193548387 0.6789314516129032 0.15423387096774194 0.6920362903225806 0.1844758064516129 0.6940524193548387 0.19858870967741934
0 0.6466733870967742 0.11693548387096772 0.6275201612903226 0.09778225806451613 0.611391129032258 0.07459677419354839 0.606350806451613 0.04939516129032258 0.6144153225806452 0.03326612903225807 0.6315524193548387 0.03326612903225807 0.6486895161290323 0.04939516129032258 0.6587701612903226 0.07560483870967741 0.6577620967741936 0.08971774193548386
0 0.7081653225806452 0.14213709677419356 0.6920362903225806 0.1159274193548387 0.6819556451612904 0.09778225806451613 0.674899193548387 0.09274193548387097 0.672883064516129 0.06854838709677419 0.6759072580645162 0.04838709677419355 0.6839717741935484 0.040322580645161296 0.6960685483870968 0.046370967741935484 0.7081653225806452 0.06048387096774192 0.7152217741935484 0.07963709677419353 0.7192540322580646 0.10786290322580645 0.7152217741935484 0.12701612903225806
0 0.6587701612903226 0.21774193548387094 0.6335685483870968 0.21169354838709675 0.6224798387096774 0.19455645161290322 0.6184475806451613 0.17137096774193547 0.6305443548387096 0.16532258064516128 0.643649193548387 0.17338709677419356 0.6577620967741936 0.18548387096774194 0.6597782258064516 0.19556451612903225
0 0.5650201612903226 0.22379032258064516 0.5599798387096774 0.19657258064516128 0.5650201612903226 0.17641129032258063 0.5841733870967742 0.1693548387096774 0.5922379032258064 0.18044354838709678 0.5882056451612904 0.20262096774193544 0.5821572580645162 0.22983870967741934
0 0.5569556451612904 0.2318548387096774 0.5388104838709677 0.219758064516129 0.5236895161290323 0.19657258064516128 0.5226814516129032 0.18044354838709678 0.5307459677419354 0.1754032258064516 0.5398185483870968 0.1875 0.5549395161290323 0.20161290322580644 0.5650201612903226 0.21068548387096775
0 0.5196572580645162 0.17137096774193547 0.4994959677419355 0.1471774193548387 0.4974798387096774 0.12600806451612903 0.5055443548387096 0.1189516129032258 0.5257056451612904 0.13709677419354838 0.5297379032258064 0.15221774193548387
0 0.543850806451613 0.12399193548387095 0.5287298387096774 0.09979838709677417 0.5216733870967742 0.07459677419354839 0.5317540322580646 0.0625 0.543850806451613 0.0655241935483871 0.5559475806451613 0.08064516129032258 0.5619959677419354 0.11491935483870967 0.5650201612903226 0.1350806451612903
0 0.4954637096774194 0.1159274193548387 0.4904233870967742 0.09374999999999999 0.4894153225806452 0.06955645161290322 0.4954637096774194 0.05241935483870967 0.5075604838709677 0.057459677419354836 0.512600806451613 0.07358870967741934 0.515625 0.0967741935483871 0.513608870967742 0.10685483870967742 0.5065524193548387 0.12096774193548387
0 0.4894153225806452 0.12701612903225806 0.4722782258064516 0.10483870967741934 0.4662298387096774 0.08366935483870967 0.4732862903225807 0.0655241935483871 0.4873991935483871 0.07258064516129031 0.4924395161290323 0.0846774193548387 0.4954637096774194 0.10383064516129033
