0 0.3886088709677419 0.24596774193548385 0.3986895161290323 0.27620967741935487 0.4027217741935484 0.3014112903225806 0.4027217741935484 0.32661290322580644 0.4047379032258065 0.3467741935483871 0.390625 0.3699596774193548 0.3795362903225807 0.3981854838709677 0.3513104838709678 0.3951612903225806 0.327116935483871 0.3729838709677419 0.3210685483870968 0.32963709677419356 0.3251008064516129 0.2852822580645161 0.3402217741935484 0.251008064516129 0.3654233870967742 0.2348790322580645 0.3865927419354839 0.23286290322580644
0 0.4279233870967742 0.2933467741935484 0.4117943548387097 0.2610887096774194 0.4027217741935484 0.19858870967741934 0.4087701612903226 0.15524193548387094 0.4148185483870968 0.13407258064516128 0.4309475806451613 0.13004032258064516 0.4501008064516129 0.13709677419354838 0.4591733870967742 0.16330645161290322 0.4722782258064516 0.1975806451612903 0.4783266129032258 0.23588709677419356 0.4753024193548387 0.2782258064516129 0.4601814516129032 0.29637096774193544 0.4450604838709678 0.3034274193548387
0 0.4783266129032258 0.21774193548387094 0.4763104838709677 0.2036290322580645 0.4894153225806452 0.17641129032258063 0.5015120967741936 0.16330645161290322 0.5297379032258064 0.1814516129032258 0.5509072580645162 0.20463709677419356 0.5670362903225806 0.2308467741935484 0.5851814516129032 0.2610887096774194 0.5962701612903226 0.2903225806451613 0.5982862903225806 0.31754032258064513 0.5882056451612904 0.3387096774193548 0.5680443548387096 0.34576612903225806 0.545866935483871 0.33568548387096775 0.5226814516129032 0.3094758064516129 0.5035282258064516 0.28125 0.4894153225806452 0.25
0 0.3623991935483871 0.1411290322580645 0.3765120967741936 0.1622983870967742 0.3775201612903226 0.18548387096774194 0.3704637096774194 0.2127016129032258 0.3613911290322581 0.23689516129032256 0.3422379032258065 0.2469758064516129 0.3180443548387097 0.24495967741935484 0.2998991935483871 0.2318548387096774 0.296875 0.21169354838709675 0.295866935483871 0.1935483870967742 0.297883064516129 0.17036290322580644 0.3049395161290323 0.1592741935483871 0.3109879032258065 0.1471774193548387 0.328125 0.14012096774193547 0.3382056451612903 0.13709677419354838 0.3503024193548387 0.1461693548387097
0 0.3140120967741936 0.24495967741935484 0.3341733870967742 0.24495967741935484 0.3351814516129032 0.2570564516129032 0.3321572580645161 0.27318548387096775 0.32308467741935487 0.2883064516129032 0.3251008064516129 0.3084677419354839 0.3220766129032258 0.3225806451612903 0.3210685483870968 0.33064516129032256 0.3200604838709678 0.3417338709677419 0.3059475806451613 0.3477822580645161 0.2908266129032258 0.3558467741935484 0.2757056451612903 0.3558467741935484 0.2615927419354839 0.344758064516129 0.2545362903225807 0.33568548387096775 0.2505040322580645 0.3245967741935484 0.2505040322580645 0.31149193548387094 0.2525201612903226 0.2923387096774194 0.264616935483871 0.2782258064516129 0.2797379032258065 0.26713709677419356 0.2988911290322581 0.2570564516129032
0 0.4168346774193548 0.32963709677419356 0.4037298387096774 0.3477822580645161 0.3936491935483871 0.36794354838709675 0.390625 0.3780241935483871 0.3815524193548387 0.3981854838709677 0.3825604838709678 0.4153225806451613 0.3855846774193548 0.4405241935483871 0.4007056451612903 0.4506048387096774 0.4178427419354839 0.4546370967741935 0.4309475806451613 0.4455645161290322 0.4410282258064516 0.4183467741935484 0.452116935483871 0.39012096774193544 0.4511088709677419 0.36189516129032256 0.4450604838709678 0.34274193548387094 0.4349798387096774 0.32963709677419356
0 0.4440524193548387 0.32963709677419356 0.452116935483871 0.31149193548387094 0.4722782258064516 0.2943548387096774 0.4904233870967742 0.28931451612903225 0.5045362903225806 0.3034274193548387 0.5196572580645162 0.31149193548387094 0.5257056451612904 0.344758064516129 0.5267137096774194 0.3639112903225806 0.5226814516129032 0.3870967741935484 0.5075604838709677 0.4032258064516129 0.4894153225806452 0.405241935483871 0.4672379032258065 0.3860887096774194 0.4470766129032258 0.36491935483870963 0.4440524193548387 0.3467741935483871
0 0.4591733870967742 0.39314516129032256 0.4813508064516129 0.4022177419354839 0.4964717741935484 0.41129032258064513 0.4984879032258065 0.436491935483871 0.4914314516129032 0.4677419354838709 0.4763104838709677 0.4778225806451613 0.4571572580645161 0.4858870967741935 0.4198588709677419 0.4768145161290322 0.4128024193548387 0.4586693548387097 0.4319556451612903 0.4445564516129032 0.4460685483870968 0.4213709677419355
0 0.3503024193548387 0.3991935483870968 0.3664314516129032 0.4022177419354839 0.3785282258064516 0.407258064516129 0.3835685483870968 0.4375 0.3956653225806452 0.4506048387096774 0.4117943548387097 0.4586693548387097 0.4128024193548387 0.4727822580645161 0.4138104838709678 0.4909274193548387 0.3966733870967742 0.5030241935483871 0.3744959677419355 0.5241935483870968 0.360383064516129 0.532258064516129 0.3402217741935484 0.5231854838709677 0.3311491935483871 0.5 0.329133064516129 0.4727822580645161 0.327116935483871 0.4485887096774193 0.3402217741935484 0.4284274193548387
0 0.3543346774193548 0.5372983870967742 0.3412298387096774 0.5534274193548387 0.3311491935483871 0.5735887096774193 0.3220766129032258 0.5887096774193548 0.3160282258064516 0.6108870967741935 0.3069556451612903 0.6481854838709677 0.3160282258064516 0.6663306451612903 0.329133064516129 0.6804435483870968 0.3533266129032258 0.6733870967741935 0.3755040322580645 0.6441532258064516 0.3886088709677419 0.6179435483870968 0.3876008064516129 0.595766129032258 0.3795362903225807 0.5756048387096774 0.3795362903225807 0.5554435483870968 0.3795362903225807 0.5393145161290323
0 0.3976814516129032 0.5050403225806451 0.4138104838709678 0.5080645161290323 0.4299395161290323 0.5252016129032258 0.4410282258064516 0.5433467741935484 0.4511088709677419 0.5715725806451613 0.4460685483870968 0.6038306451612903 0.4279233870967742 0.6229838709677419 0.4117943548387097 0.625 0.3956653225806452 0.6088709677419355 0.3825604838709678 0.59375 0.3734879032258065 0.5735887096774193 0.3765120967741936 0.5594758064516129 0.3825604838709678 0.5362903225806451 0.3865927419354839 0.5120967741935484
0 0.4480846774193548 0.4909274193548387 0.4390120967741936 0.5221774193548387 0.452116935483871 0.5574596774193548 0.4511088709677419 0.5836693548387097 0.453125 0.5987903225806451 0.4662298387096774 0.6189516129032258 0.4894153225806452 0.6330645161290323 0.5115927419354838 0.6391129032258064 0.5297379032258064 0.6239919354838709 0.5357862903225806 0.5856854838709677 0.5246975806451613 0.5604838709677419 0.517641129032258 0.5383064516129032 0.5045362903225806 0.5231854838709677 0.4823588709677419 0.5040322580645161 0.4722782258064516 0.4889112903225806
0 0.4974798387096774 0.4838709677419355 0.5115927419354838 0.5090725806451613 0.514616935483871 0.5352822580645161 0.5287298387096774 0.5665322580645161 0.548891129032258 0.5887096774193548 0.5660282258064516 0.6048387096774193 0.5851814516129032 0.6118951612903226 0.6053427419354838 0.5967741935483871 0.6164314516129032 0.563508064516129 0.6134072580645162 0.532258064516129 0.6003024193548387 0.5040322580645161 0.5841733870967742 0.4747983870967742 0.5599798387096774 0.4516129032258064 0.544858870967742 0.438508064516129 0.5337701612903226 0.4616935483870968 0.514616935483871 0.4717741935483871
0 0.421875 0.6360887096774193 0.4188508064516129 0.6622983870967742 0.4077620967741936 0.6905241935483871 0.4017137096774194 0.7298387096774193 0.4087701612903226 0.7641129032258064 0.4339717741935484 0.7923387096774193 0.4571572580645161 0.7923387096774193 0.4803427419354839 0.7580645161290323 0.4914314516129032 0.7086693548387097 0.4964717741935484 0.658266129032258 0.4863911290322581 0.6350806451612903 0.4642137096774194 0.6209677419354838 0.4511088709677419 0.6038306451612903 0.4329637096774194 0.6118951612903226
0 0.3623991935483871 0.6723790322580645 0.3755040322580645 0.7096774193548387 0.3755040322580645 0.7368951612903226 0.3795362903225807 0.7641129032258064 0.3654233870967742 0.808467741935484 0.3553427419354839 0.8467741935483872 0.3452620967741936 0.8649193548387097 0.3119959677419355 0.873991935483871 0.2908266129032258 0.8326612903225807 0.2898185483870968 0.78125 0.3069556451612903 0.7167338709677419 0.3150201612903226 0.6814516129032258 0.3311491935483871 0.6804435483870968 0.3543346774193548 0.6784274193548387
0 0.3865927419354839 0.7681451612903226 0.3956653225806452 0.7610887096774193 0.4057459677419355 0.7620967741935484 0.4097782258064516 0.7792338709677419 0.4148185483870968 0.8044354838709677 0.4128024193548387 0.841733870967742 0.4148185483870968 0.869959677419355 0.4178427419354839 0.9153225806451614 0.4087701612903226 0.9556451612903226 0.3946572580645161 0.9778225806451614 0.3734879032258065 0.9828629032258066 0.3553427419354839 0.9717741935483872 0.3422379032258065 0.9435483870967742 0.3432459677419355 0.9092741935483872 0.3492943548387097 0.872983870967742 0.3513104838709678 0.8518145161290324 0.3634072580645161 0.8225806451612904 0.3765120967741936 0.7852822580645161
0 0.4158266129032258 0.7741935483870968 0.4289314516129032 0.7923387096774193 0.453125 0.7983870967741935 0.4672379032258065 0.783266129032258 0.4823588709677419 0.7993951612903225 0.485383064516129 0.8245967741935484 0.4873991935483871 0.842741935483871 0.4974798387096774 0.8689516129032258 0.5025201612903226 0.901209677419355 0.5025201612903226 0.9395161290322582 0.4904233870967742 0.9778225806451614 0.4672379032258065 0.9909274193548387 0.4400201612903226 0.9798387096774194 0.4329637096774194 0.9536290322580646 0.422883064516129 0.9193548387096774 0.421875 0.8820564516129032 0.4168346774193548 0.839717741935484 0.4148185483870968 0.807459677419355
0 0.5015120967741936 0.6612903225806451 0.5206653225806452 0.6824596774193548 0.5357862903225806 0.7167338709677419 0.545866935483871 0.7530241935483871 0.545866935483871 0.7802419354838709 0.5398185483870968 0.809475806451613 0.514616935483871 0.8245967741935484 0.4894153225806452 0.8125 0.4712701612903226 0.7943548387096774 0.4742943548387097 0.7701612903225806 0.485383064516129 0.7368951612903226 0.4934475806451613 0.7086693548387097 0.4954637096774194 0.6814516129032258
0 0.5085685483870968 0.6683467741935484 0.5257056451612904 0.6643145161290323 0.5357862903225806 0.6552419354838709 0.5569556451612904 0.6713709677419355 0.579133064516129 0.6975806451612903 0.5892137096774194 0.7227822580645161 0.611391129032258 0.7550403225806451 0.6244959677419354 0.7923387096774193 0.6204637096774194 0.8245967741935484 0.608366935483871 0.8518145161290324 0.5882056451612904 0.8528225806451614 0.5730846774193548 0.840725806451613 0.5509072580645162 0.8215725806451614 0.5408266129032258 0.8135080645161292 0.547883064516129 0.7792338709677419 0.547883064516129 0.7489919354838709 0.5367943548387096 0.7217741935483871 0.5307459677419354 0.6995967741935484 0.515625 0.6804435483870968
0 0.4964717741935484 0.8235887096774194 0.5216733870967742 0.8235887096774194 0.5337701612903226 0.811491935483871 0.5519153225806452 0.8286290322580646 0.5710685483870968 0.8568548387096774 0.579133064516129 0.8850806451612904 0.5851814516129032 0.9092741935483872 0.5841733870967742 0.938508064516129 0.579133064516129 0.963709677419355 0.5619959677419354 0.9838709677419356 0.5428427419354838 0.9828629032258066 0.5196572580645162 0.967741935483871 0.4994959677419355 0.935483870967742 0.4994959677419355 0.903225806451613 0.4964717741935484 0.875 0.4924395161290323 0.8518145161290324
0 0.2998991935483871 0.4556451612903226 0.2857862903225807 0.4909274193548387 0.2777217741935484 0.5201612903225806 0.2757056451612903 0.5594758064516129 0.2746975806451613 0.5887096774193548 0.2817540322580645 0.6118951612903226 0.2847782258064516 0.6290322580645161 0.3140120967741936 0.6118951612903226 0.3190524193548387 0.5887096774193548 0.3170362903225807 0.564516129032258 0.3099798387096774 0.5372983870967742 0.3029233870967742 0.5110887096774193 0.3049395161290323 0.4879032258064516 0.3109879032258065 0.4566532258064516
0 0.295866935483871 0.6189516129032258 0.3119959677419355 0.6340725806451613 0.3079637096774194 0.6693548387096774 0.3140120967741936 0.688508064516129 0.3069556451612903 0.7086693548387097 0.2888104838709678 0.751008064516129 0.2767137096774194 0.7530241935483871 0.2575604838709678 0.7439516129032258 0.2434475806451613 0.7127016129032258 0.2565524193548387 0.6794354838709677 0.2746975806451613 0.6451612903225806
0 0.3200604838709678 0.3477822580645161 0.3261088709677419 0.36794354838709675 0.3240927419354839 0.38407258064516125 0.3190524193548387 0.40625 0.3200604838709678 0.4264112903225806 0.3130040322580645 0.4435483870967742 0.2948588709677419 0.4546370967741935 0.2726814516129032 0.4586693548387097 0.2585685483870968 0.4405241935483871 0.2575604838709678 0.4032258064516129 0.265625 0.36693548387096775 0.2726814516129032 0.35181451612903225 0.2908266129032258 0.35786290322580644
0 0.3150201612903226 0.875 0.3301411290322581 0.8679435483870968 0.3422379032258065 0.8659274193548387 0.3462701612903226 0.8790322580645162 0.3442540322580645 0.901209677419355 0.3422379032258065 0.9213709677419356 0.3392137096774194 0.9465725806451614 0.3341733870967742 0.964717741935484 0.3261088709677419 0.9858870967741936 0.31523185483870964 0.9984375 0.2988911290322581 0.9984375 0.2888104838709678 0.997983870967742 0.2878024193548387 0.9818548387096774 0.2837701612903226 0.9546370967741936 0.2888104838709678 0.9274193548387097 0.297883064516129 0.8921370967741936
0 0.5085685483870968 0.470766129032258 0.5297379032258064 0.4586693548387097 0.543850806451613 0.4284274193548387 0.5428427419354838 0.3981854838709677 0.5367943548387096 0.3598790322580645 0.5317540322580646 0.33064516129032256 0.5206653225806452 0.3215725806451613 0.5257056451612904 0.34576612903225806 0.5287298387096774 0.36794354838709675 0.5196572580645162 0.3911290322580645 0.5115927419354838 0.4042338709677419 0.5025201612903226 0.4133064516129032 0.5015120967741936 0.4304435483870968 0.5015120967741936 0.4455645161290322 0.5005040322580645 0.4586693548387097
0 0.3432459677419355 0.1411290322580645 0.3301411290322581 0.13205645161290322 0.3210685483870968 0.11088709677419355 0.3170362903225807 0.07762096774193547 0.3200604838709678 0.037298387096774195 0.3301411290322581 0.036290322580645164 0.3553427419354839 0.07862903225806452 0.3755040322580645 0.11088709677419355 0.3785282258064516 0.12399193548387095 0.3684475806451613 0.13709677419354838 0.358366935483871 0.14516129032258063
0 0.3099798387096774 0.24899193548387094 0.2948588709677419 0.2600806451612903 0.2807459677419355 0.26512096774193544 0.2615927419354839 0.27620967741935487 0.2585685483870968 0.2852822580645161 0.2474798387096774 0.2872983870967742 0.2505040322580645 0.2631048387096774 0.2535282258064516 0.22681451612903225 0.2726814516129032 0.2066532258064516 0.2898185483870968 0.18951612903225806 0.3009072580645161 0.21068548387096775 0.297883064516129 0.2278225806451613
0 0.9168346774193548 0.6512096774193548 0.921875 0.6653225806451613 0.9259072580645162 0.688508064516129 0.924899193548387 0.7147177419354838 0.9148185483870968 0.7328629032258064 0.9027217741935484 0.7409274193548387 0.889616935483871 0.7328629032258064 0.8845766129032258 0.7127016129032258 0.891633064516129 0.6834677419354838 0.9007056451612904 0.6602822580645161
0 0.919858870967742 0.7338709677419355 0.9309475806451613 0.7550403225806451 0.9501008064516128 0.7681451612903226 0.9601814516129032 0.752016129032258 0.9632056451612904 0.7237903225806451 0.9581653225806452 0.6935483870967742 0.9470766129032258 0.6733870967741935 0.9420362903225806 0.6643145161290323 0.9299395161290323 0.6552419354838709 0.9188508064516128 0.6622983870967742 0.9259072580645162 0.6804435483870968 0.9289314516129032 0.7056451612903226 0.921875 0.7227822580645161
0 0.9410282258064516 0.6461693548387097 0.9430443548387096 0.6219758064516129 0.953125 0.6118951612903226 0.9712701612903226 0.6239919354838709 0.985383064516129 0.6481854838709677 0.9934475806451613 0.6743951612903226 0.9884072580645162 0.7006048387096774 0.9712701612903226 0.7066532258064516 0.9571572580645162 0.6945564516129032 0.9470766129032258 0.6713709677419355
0 0.9097782258064516 0.751008064516129 0.919858870967742 0.7792338709677419 0.9329637096774194 0.8316532258064516 0.9289314516129032 0.8588709677419356 0.9168346774193548 0.8790322580645162 0.8956653225806452 0.872983870967742 0.890625 0.8518145161290324 0.889616935483871 0.8175403225806452 0.891633064516129 0.7973790322580645 0.9017137096774194 0.7762096774193548 0.9027217741935484 0.7661290322580645
0 0.9430443548387096 0.8497983870967742 0.9581653225806452 0.8618951612903226 0.9642137096774194 0.8840725806451614 0.9763104838709677 0.9133064516129032 0.9793346774193548 0.933467741935484 0.9773185483870968 0.9586693548387097 0.9662298387096774 0.966733870967742 0.952116935483871 0.96875 0.9420362903225806 0.9516129032258066 0.9319556451612904 0.9294354838709677 0.9309475806451613 0.8971774193548387 0.9369959677419354 0.8629032258064516
0 0.892641129032258 0.8024193548387097 0.9027217741935484 0.7711693548387096 0.9047379032258064 0.7489919354838709 0.8976814516129032 0.7389112903225806 0.8865927419354838 0.7258064516129032 0.8825604838709677 0.7106854838709677 0.8704637096774194 0.71875 0.8664314516129032 0.7389112903225806 0.860383064516129 0.7681451612903226 0.8644153225806452 0.7963709677419355 0.8765120967741936 0.808467741935484
0 0.8795362903225806 0.7106854838709677 0.889616935483871 0.6854838709677419 0.8956653225806452 0.6643145161290323 0.8966733870967742 0.6522177419354838 0.8976814516129032 0.6300403225806451 0.892641129032258 0.6219758064516129 0.8825604838709677 0.6199596774193548 0.8704637096774194 0.6290322580645161 0.857358870967742 0.657258064516129 0.8543346774193548 0.6905241935483871 0.8664314516129032 0.7076612903225806
0 0.9390120967741936 0.8205645161290324 0.954133064516129 0.8064516129032258 0.955141129032258 0.7842741935483871 0.9501008064516128 0.7641129032258064 0.9380040322580646 0.7600806451612903 0.9269153225806452 0.7560483870967742 0.922883064516129 0.7651209677419355 0.9188508064516128 0.7772177419354838 0.924899193548387 0.7983870967741935
0 0.8805443548387096 0.8125 0.890625 0.8266129032258066 0.891633064516129 0.8568548387096774 0.892641129032258 0.8760080645161292 0.8815524193548387 0.8951612903225807 0.8734879032258064 0.9092741935483872 0.8543346774193548 0.90625 0.8472782258064516 0.8870967741935484 0.8462701612903226 0.8518145161290324 0.8553427419354838 0.8205645161290324 0.8634072580645162 0.8044354838709677 0.8755040322580646 0.8014112903225807
0 0.920866935483871 0.5483870967741935 0.9289314516129032 0.5493951612903226 0.9369959677419354 0.5534274193548387 0.9450604838709677 0.5735887096774193 0.9480846774193548 0.5977822580645161 0.9470766129032258 0.6189516129032258 0.9349798387096774 0.6340725806451613 0.9168346774193548 0.6229838709677419 0.9117943548387096 0.5997983870967742 0.9128024193548387 0.5766129032258064 0.9188508064516128 0.5584677419354838
0 0.9349798387096774 0.5594758064516129 0.9460685483870968 0.5766129032258064 0.9621975806451613 0.5927419354838709 0.9722782258064516 0.5826612903225806 0.9793346774193548 0.5564516129032258 0.9783266129032258 0.5352822580645161 0.9732862903225806 0.5090725806451613 0.9682459677419354 0.4929435483870968 0.953125 0.4969758064516129 0.9440524193548387 0.5 0.9380040322580646 0.5262096774193548 0.9390120967741936 0.5483870967741935
0 0.9077620967741936 0.5997983870967742 0.9138104838709677 0.5776209677419355 0.9117943548387096 0.5534274193548387 0.9037298387096774 0.532258064516129 0.8946572580645162 0.5191532258064516 0.8825604838709677 0.5241935483870968 0.8795362903225806 0.5403225806451613 0.8835685483870968 0.5675403225806451 0.8855846774193548 0.5866935483870968
0 0.8684475806451613 0.6310483870967742 0.8553427419354838 0.6209677419354838 0.8553427419354838 0.59375 0.862399193548387 0.5574596774193548 0.8785282258064516 0.5473790322580645 0.8815524193548387 0.5655241935483871 0.8865927419354838 0.5856854838709677 0.891633064516129 0.6028225806451613 0.8865927419354838 0.6149193548387097
0 0.8533266129032258 0.6229838709677419 0.8634072580645162 0.6290322580645161 0.8664314516129032 0.6391129032258064 0.862399193548387 0.657258064516129 0.8543346774193548 0.6764112903225806 0.8442540322580646 0.6804435483870968 0.826108870967742 0.6784274193548387 0.8220766129032258 0.6673387096774193 0.8220766129032258 0.6542338709677419 0.8341733870967742 0.6401209677419355
0 0.951108870967742 0.7651209677419355 0.9632056451612904 0.7792338709677419 0.9773185483870968 0.7802419354838709 0.983366935483871 0.7631048387096774 0.986391129032258 0.7449596774193548 0.982358870967742 0.7157258064516129 0.9742943548387096 0.7006048387096774 0.9652217741935484 0.7036290322580645 0.9632056451612904 0.7258064516129032 0.9642137096774194 0.7419354838709677 0.9571572580645162 0.7530241935483871
0 0.9763104838709677 0.78125 0.982358870967742 0.7933467741935484 0.9894153225806452 0.8054435483870968 0.9904233870967742 0.8266129032258066 0.984375 0.841733870967742 0.9702620967741936 0.839717741935484 0.9581653225806452 0.8256048387096774 0.951108870967742 0.8135080645161292 0.955141129032258 0.7953629032258064 0.9601814516129032 0.7762096774193548
