0 0.391633064516129 0.6985887096774193 0.3755040322580645 0.6622983870967742 0.3724798387096774 0.6159274193548387 0.3704637096774194 0.5584677419354838 0.3734879032258065 0.5070564516129032 0.3956653225806452 0.4657258064516129 0.4178427419354839 0.4576612903225806 0.4390120967741936 0.4546370967741935 0.454133064516129 0.4677419354838709 0.4642137096774194 0.502016129032258 0.4712701612903226 0.5393145161290323 0.4672379032258065 0.5836693548387097 0.4571572580645161 0.6391129032258064 0.4450604838709678 0.6905241935483871 0.4259072580645161 0.7036290322580645 0.4087701612903226 0.7096774193548387
0 0.484375 0.5453629032258064 0.4994959677419355 0.5181451612903226 0.5206653225806452 0.5201612903225806 0.5297379032258064 0.5443548387096774 0.5317540322580646 0.5927419354838709 0.5277217741935484 0.6522177419354838 0.5085685483870968 0.7116935483870968 0.4904233870967742 0.7590725806451613 0.4672379032258065 0.7762096774193548 0.453125 0.7661290322580645 0.4430443548387097 0.751008064516129 0.4480846774193548 0.7056451612903226 0.454133064516129 0.6592741935483871 0.4692540322580645 0.6038306451612903 0.4742943548387097 0.5756048387096774 0.4813508064516129 0.5594758064516129
0 0.4390120967741936 0.4516129032258064 0.4511088709677419 0.3780241935483871 0.4753024193548387 0.28125 0.4994959677419355 0.2560483870967742 0.512600806451613 0.24596774193548385 0.5287298387096774 0.2469758064516129 0.545866935483871 0.2620967741935484 0.548891129032258 0.2852822580645161 0.547883064516129 0.3235887096774194 0.5357862903225806 0.36491935483870963 0.5196572580645162 0.4102822580645161 0.5075604838709677 0.4657258064516129 0.4894153225806452 0.5040322580645161 0.4611895161290323 0.5070564516129032 0.4571572580645161 0.4868951612903226 0.4470766129032258 0.4637096774193548
0 0.5236895161290323 0.5252016129032258 0.545866935483871 0.4778225806451613 0.5740927419354838 0.4243951612903226 0.5962701612903226 0.4092741935483871 0.6234879032258064 0.407258064516129 0.6345766129032258 0.4304435483870968 0.639616935483871 0.469758064516129 0.6295362903225806 0.5131048387096774 0.5942540322580646 0.5725806451612903 0.5740927419354838 0.6118951612903226 0.5539314516129032 0.6431451612903226 0.5408266129032258 0.6653225806451613 0.5196572580645162 0.6764112903225806 0.5267137096774194 0.6502016129032258 0.5337701612903226 0.5987903225806451 0.5277217741935484 0.5564516129032258
0 0.3714717741935484 0.5060483870967742 0.3714717741935484 0.4727822580645161 0.3815524193548387 0.4153225806451613 0.3966733870967742 0.3870967741935484 0.4188508064516129 0.37701612903225806 0.4339717741935484 0.38407258064516125 0.4490927419354839 0.4022177419354839 0.4440524193548387 0.4223790322580645 0.4380040322580645 0.4546370967741935 0.4349798387096774 0.4596774193548387 0.4067540322580645 0.4576612903225806 0.389616935483871 0.4747983870967742 0.3785282258064516 0.4939516129032258
0 0.327116935483871 0.5393145161290323 0.3533266129032258 0.5433467741935484 0.3734879032258065 0.5625 0.3694556451612903 0.5907258064516129 0.3744959677419355 0.6300403225806451 0.3815524193548387 0.6764112903225806 0.3865927419354839 0.7127016129032258 0.3886088709677419 0.7600806451612903 0.3714717741935484 0.7893145161290323 0.3533266129032258 0.8054435483870968 0.3361895161290323 0.8125 0.3200604838709678 0.7963709677419355 0.3079637096774194 0.7479838709677419 0.3029233870967742 0.6794354838709677 0.297883064516129 0.6199596774193548 0.3059475806451613 0.5675403225806451 0.3200604838709678 0.5493951612903226
0 0.3029233870967742 0.7258064516129032 0.2938508064516129 0.7217741935483871 0.2736895161290323 0.7348790322580645 0.2626008064516129 0.7560483870967742 0.2535282258064516 0.7923387096774193 0.2615927419354839 0.8336693548387097 0.2716733870967742 0.8639112903225807 0.2867943548387097 0.901209677419355 0.3029233870967742 0.938508064516129 0.3200604838709678 0.9536290322580646 0.3432459677419355 0.934475806451613 0.3563508064516129 0.90625 0.3573588709677419 0.8578629032258066 0.3442540322580645 0.811491935483871 0.3261088709677419 0.7993951612903225 0.3150201612903226 0.7762096774193548 0.3079637096774194 0.7449596774193548
0 0.1738911290322581 0.7106854838709677 0.1980846774193549 0.7116935483870968 0.2152217741935484 0.6683467741935484 0.2263104838709678 0.5887096774193548 0.22328629032258068 0.5554435483870968 0.2142137096774194 0.5403225806451613 0.1990927419354839 0.5413306451612903 0.1859879032258065 0.5504032258064516 0.172883064516129 0.5836693548387097 0.1688508064516129 0.6209677419354838 0.1638104838709678 0.6602822580645161 0.1617943548387097 0.7016129032258064
0 0.20816532258064518 0.4213709677419355 0.1970766129032258 0.3881048387096774 0.2091733870967742 0.32661290322580644 0.2283266129032258 0.24899193548387094 0.2444556451612903 0.21774193548387094 0.264616935483871 0.2096774193548387 0.2787298387096774 0.21673387096774194 0.2817540322580645 0.2479838709677419 0.2757056451612903 0.2872983870967742 0.2575604838709678 0.34576612903225806 0.2474798387096774 0.4012096774193548 0.234375 0.4193548387096774
0 0.295866935483871 0.3780241935483871 0.3160282258064516 0.33568548387096775 0.3492943548387097 0.2923387096774194 0.3694556451612903 0.31754032258064513 0.3755040322580645 0.34576612903225806 0.3734879032258065 0.375 0.3613911290322581 0.3870967741935484 0.3513104838709678 0.37701612903225806 0.3371975806451613 0.38004032258064513 0.3210685483870968 0.407258064516129 0.3049395161290323 0.4445564516129032 0.2908266129032258 0.4556451612903226 0.2807459677419355 0.4324596774193548 0.2938508064516129 0.3941532258064516
0 0.3029233870967742 0.4526209677419355 0.3190524193548387 0.4143145161290322 0.3311491935483871 0.3870967741935484 0.3533266129032258 0.3719758064516129 0.3644153225806452 0.3941532258064516 0.360383064516129 0.4314516129032258 0.3311491935483871 0.5191532258064516 0.3150201612903226 0.5534274193548387 0.297883064516129 0.5675403225806451 0.2817540322580645 0.5483870967741935 0.2857862903225807 0.5080645161290323
0 0.1436491935483871 0.9254032258064516 0.14566532258064518 0.8951612903225807 0.1537298387096774 0.8598790322580646 0.1638104838709678 0.8316532258064516 0.1759072580645161 0.8326612903225807 0.1859879032258065 0.8467741935483872 0.1859879032258065 0.871975806451613 0.1829637096774194 0.9102822580645162 0.1628024193548387 0.9485887096774194 0.1446572580645161 0.9425403225806452
0 0.1859879032258065 0.8548387096774194 0.201108870967742 0.8306451612903226 0.2192540322580645 0.8175403225806452 0.234375 0.8185483870967742 0.2373991935483871 0.8487903225806452 0.2303427419354839 0.871975806451613 0.2091733870967742 0.9092741935483872 0.1859879032258065 0.932459677419355 0.1789314516129032 0.9183467741935484 0.1839717741935484 0.8901209677419356
0 0.1315524193548387 0.9183467741935484 0.1184475806451613 0.875 0.1244959677419355 0.8366935483870968 0.1365927419354839 0.8165322580645162 0.1527217741935484 0.8296370967741936 0.1527217741935484 0.8518145161290324 0.1446572580645161 0.8850806451612904
0 0.4057459677419355 0.994959677419355 0.4329637096774194 0.9485887096774194 0.4632056451612903 0.9112903225806452 0.4884072580645161 0.8991935483870968 0.4944556451612903 0.905241935483871 0.4873991935483871 0.932459677419355 0.4732862903225807 0.969758064516129 0.44955158509454957 0.9984375 0.4168346774193548 0.9984375 0.4107862903225807 0.9984375
0 0.2615927419354839 0.7066532258064516 0.2474798387096774 0.7026209677419355 0.2414314516129032 0.6864919354838709 0.2585685483870968 0.6350806451612903 0.2888104838709678 0.5715725806451613 0.3009072580645161 0.5685483870967742 0.3099798387096774 0.5715725806451613 0.3019153225806452 0.5977822580645161 0.3019153225806452 0.6300403225806451 0.296875 0.6491935483870968 0.2726814516129032 0.6915322580645161
