0 0.4884072580645161 0.4324596774193548 0.5015120967741936 0.4133064516129032 0.5277217741935484 0.4133064516129032 0.5569556451612904 0.4163306451612903 0.5680443548387096 0.4284274193548387 0.577116935483871 0.4647177419354839 0.5871975806451613 0.4879032258064516 0.5730846774193548 0.5151209677419355 0.5428427419354838 0.532258064516129 0.5075604838709677 0.5362903225806451 0.4561491935483871 0.5181451612903226 0.4440524193548387 0.4959677419354839 0.4581653225806452 0.4566532258064516 0.4722782258064516 0.439516129032258
0 0.5902217741935484 0.4858870967741935 0.6194556451612904 0.4848790322580645 0.6446572580645162 0.4919354838709677 0.6628024193548387 0.5151209677419355 0.6799395161290323 0.5352822580645161 0.6920362903225806 0.5614919354838709 0.6799395161290323 0.5856854838709677 0.6446572580645162 0.6038306451612903 0.6204637096774194 0.6129032258064516 0.5942540322580646 0.6038306451612903 0.578125 0.5856854838709677 0.5529233870967742 0.5766129032258064 0.5569556451612904 0.5483870967741935 0.5559475806451613 0.5282258064516129 0.5740927419354838 0.5151209677419355
0 0.4561491935483871 0.5231854838709677 0.4369959677419355 0.5383064516129032 0.4168346774193548 0.563508064516129 0.4017137096774194 0.5866935483870968 0.4117943548387097 0.6189516129032258 0.4440524193548387 0.6350806451612903 0.4662298387096774 0.6330645161290323 0.4954637096774194 0.6118951612903226 0.5186491935483872 0.5856854838709677 0.5115927419354838 0.5463709677419355 0.4894153225806452 0.5282258064516129 0.4672379032258065 0.5231854838709677
0 0.5196572580645162 0.5826612903225806 0.546875 0.5776209677419355 0.5861895161290323 0.5816532258064516 0.6023185483870968 0.6088709677419355 0.6305443548387096 0.6280241935483871 0.641633064516129 0.6653225806451613 0.6224798387096774 0.7026209677419355 0.5831653225806452 0.7247983870967742 0.5498991935483872 0.7379032258064516 0.512600806451613 0.7247983870967742 0.4753024193548387 0.7066532258064516 0.4551411290322581 0.6764112903225806 0.4611895161290323 0.6360887096774193 0.4873991935483871 0.6118951612903226
0 0.6174395161290323 0.7106854838709677 0.6365927419354838 0.7127016129032258 0.668850806451613 0.7318548387096774 0.702116935483871 0.7600806451612903 0.7121975806451613 0.7681451612903226 0.7242943548387096 0.783266129032258 0.7273185483870968 0.8165322580645162 0.7182459677419354 0.8457661290322582 0.701108870967742 0.8618951612903226 0.6779233870967742 0.8780241935483872 0.671875 0.8860887096774194 0.6496975806451613 0.8810483870967742 0.606350806451613 0.8689516129032258 0.5710685483870968 0.8558467741935484 0.5539314516129032 0.8225806451612904 0.543850806451613 0.7741935483870968 0.548891129032258 0.7489919354838709 0.5579637096774194 0.7348790322580645 0.5902217741935484 0.7227822580645161
0 0.4440524193548387 0.7046370967741935 0.4682459677419355 0.7046370967741935 0.4994959677419355 0.7268145161290323 0.5317540322580646 0.751008064516129 0.5367943548387096 0.7842741935483871 0.515625 0.8185483870967742 0.4803427419354839 0.8356854838709677 0.453125 0.8346774193548387 0.420866935483871 0.8235887096774194 0.391633064516129 0.809475806451613 0.3775201612903226 0.7883064516129032 0.3845766129032258 0.7550403225806451 0.4128024193548387 0.7247983870967742
0 0.4097782258064516 0.625 0.4319556451612903 0.6441532258064516 0.4450604838709678 0.6673387096774193 0.4470766129032258 0.6995967741935484 0.4158266129032258 0.7268145161290323 0.3654233870967742 0.7459677419354838 0.3382056451612903 0.7419354838709677 0.3059475806451613 0.7278225806451613 0.2867943548387097 0.7056451612903226 0.2908266129032258 0.6633064516129032 0.3140120967741936 0.6441532258064516 0.3523185483870968 0.6300403225806451 0.3986895161290323 0.626008064516129
0 0.3251008064516129 0.7439516129032258 0.3089717741935484 0.7701612903225806 0.2948588709677419 0.7943548387096774 0.2948588709677419 0.8256048387096774 0.3190524193548387 0.8467741935483872 0.3563508064516129 0.8639112903225807 0.390625 0.8528225806451614 0.4329637096774194 0.8276209677419356 0.3976814516129032 0.8145161290322582 0.3835685483870968 0.7792338709677419 0.3956653225806452 0.7439516129032258 0.4027217741935484 0.7278225806451613 0.3775201612903226 0.7368951612903226 0.3472782258064516 0.7449596774193548
0 0.3886088709677419 0.4747983870967742 0.4097782258064516 0.4717741935483871 0.4309475806451613 0.4838709677419355 0.4571572580645161 0.5201612903225806 0.4279233870967742 0.5453629032258064 0.3986895161290323 0.5836693548387097 0.4037298387096774 0.594758064516129 0.3744959677419355 0.5887096774193548 0.3402217741935484 0.5665322580645161 0.3371975806451613 0.5252016129032258 0.3644153225806452 0.4989919354838709
0 0.4692540322580645 0.3225806451612903 0.4954637096774194 0.3286290322580645 0.5105846774193548 0.3477822580645161 0.515625 0.3850806451612903 0.5085685483870968 0.4133064516129032 0.4793346774193548 0.4294354838709677 0.4400201612903226 0.4354838709677419 0.4087701612903226 0.4122983870967742 0.3976814516129032 0.3911290322580645 0.4158266129032258 0.36088709677419356 0.4440524193548387 0.3387096774193548
0 0.5811491935483872 0.38004032258064513 0.6043346774193548 0.3810483870967742 0.6244959677419354 0.4163306451612903 0.6255040322580646 0.4435483870967742 0.6003024193548387 0.4566532258064516 0.5740927419354838 0.4475806451612903 0.5599798387096774 0.4264112903225806 0.548891129032258 0.4163306451612903 0.5700604838709677 0.3881048387096774
0 0.4823588709677419 0.29939516129032256 0.4863911290322581 0.26713709677419356 0.5025201612903226 0.25504032258064513 0.517641129032258 0.23286290322580644 0.5418346774193548 0.23286290322580644 0.5720766129032258 0.2409274193548387 0.6033266129032258 0.26512096774193544 0.612399193548387 0.2903225806451613 0.6023185483870968 0.3256048387096774 0.5630040322580646 0.344758064516129 0.5327620967741936 0.3387096774193548 0.5015120967741936 0.3286290322580645
0 0.4168346774193548 0.2883064516129032 0.4349798387096774 0.2913306451612903 0.452116935483871 0.30241935483870963 0.4611895161290323 0.3256048387096774 0.4430443548387097 0.3387096774193548 0.4138104838709678 0.35887096774193544 0.3956653225806452 0.39213709677419356 0.3744959677419355 0.3850806451612903 0.3472782258064516 0.36794354838709675 0.3422379032258065 0.3387096774193548 0.3563508064516129 0.313508064516129 0.3966733870967742 0.29939516129032256
0 0.4168346774193548 0.2278225806451613 0.4380040322580645 0.23689516129032256 0.4450604838709678 0.2620967741935484 0.420866935483871 0.2903225806451613 0.3876008064516129 0.30443548387096775 0.359375 0.3004032258064516 0.3361895161290323 0.2842741935483871 0.3412298387096774 0.2590725806451613 0.3654233870967742 0.24294354838709675 0.3986895161290323 0.23891129032258066
0 0.4662298387096774 0.1693548387096774 0.4823588709677419 0.1774193548387097 0.4934475806451613 0.1935483870967742 0.5055443548387096 0.2127016129032258 0.4954637096774194 0.2308467741935484 0.4783266129032258 0.2409274193548387 0.4672379032258065 0.23891129032258066 0.4430443548387097 0.23387096774193544 0.4390120967741936 0.2066532258064516 0.4450604838709678 0.1784274193548387
0 0.5105846774193548 0.15725806451612903 0.5378024193548387 0.14012096774193547 0.5579637096774194 0.13709677419354838 0.5730846774193548 0.15423387096774194 0.5902217741935484 0.16733870967741934 0.5992943548387096 0.18850806451612903 0.579133064516129 0.21068548387096775 0.546875 0.2157258064516129 0.5287298387096774 0.20463709677419356 0.5015120967741936 0.20161290322580644 0.5055443548387096 0.1844758064516129
0 0.6265120967741936 0.7026209677419355 0.643649193548387 0.7157258064516129 0.6638104838709677 0.719758064516129 0.6869959677419354 0.7056451612903226 0.700100806451613 0.6935483870967742 0.7071572580645162 0.6814516129032258 0.701108870967742 0.6602822580645161 0.6839717741935484 0.6320564516129032 0.6638104838709677 0.6139112903225806 0.6517137096774194 0.6018145161290323 0.6305443548387096 0.6108870967741935 0.6134072580645162 0.6149193548387097 0.6275201612903226 0.6290322580645161 0.638608870967742 0.6421370967741935 0.643649193548387 0.6693548387096774 0.637600806451613 0.6804435483870968
