0 0.4279233870967742 0.3346774193548387 0.4158266129032258 0.3155241935483871 0.4097782258064516 0.2620967741935484 0.4017137096774194 0.18044354838709678 0.4027217741935484 0.1280241935483871 0.4188508064516129 0.08971774193548386 0.4380040322580645 0.07661290322580645 0.454133064516129 0.08165322580645161 0.4672379032258065 0.0967741935483871 0.4722782258064516 0.12096774193548387 0.4712701612903226 0.14314516129032256 0.4672379032258065 0.15423387096774194 0.4712701612903226 0.1754032258064516 0.4712701612903226 0.19455645161290322 0.4702620967741936 0.20766129032258066 0.4621975806451613 0.2258064516129032 0.4420362903225807 0.2701612903225806
0 0.5267137096774194 0.20463709677419356 0.5115927419354838 0.1935483870967742 0.5075604838709677 0.16834677419354838 0.5186491935483872 0.07661290322580645 0.5277217741935484 0.017137096774193547 0.5353382616487454 0.0 0.5912298387096774 0.0 0.5922379032258064 0.02217741935483871 0.5851814516129032 0.07963709677419353 0.577116935483871 0.11391129032258066 0.5660282258064516 0.16330645161290322 0.5509072580645162 0.1693548387096774 0.5317540322580646 0.19556451612903225
0 0.4380040322580645 0.4284274193548387 0.4259072580645161 0.4193548387096774 0.422883064516129 0.3820564516129032 0.4299395161290323 0.3225806451612903 0.4440524193548387 0.2631048387096774 0.4632056451612903 0.2258064516129032 0.4803427419354839 0.20463709677419356 0.4924395161290323 0.19556451612903225 0.4984879032258065 0.21370967741935484 0.4964717741935484 0.2530241935483871 0.4924395161290323 0.30745967741935487 0.4773185483870968 0.3709677419354839 0.4632056451612903 0.408266129032258 0.4581653225806452 0.4223790322580645
0 0.4994959677419355 0.38911290322580644 0.484375 0.3719758064516129 0.483366935483871 0.34274193548387094 0.4954637096774194 0.2903225806451613 0.514616935483871 0.2278225806451613 0.544858870967742 0.1723790322580645 0.5670362903225806 0.1663306451612903 0.5841733870967742 0.1784274193548387 0.5962701612903226 0.20564516129032256 0.5952620967741936 0.2439516129032258 0.5740927419354838 0.29838709677419356 0.5559475806451613 0.3417338709677419 0.5347782258064516 0.3709677419354839 0.5277217741935484 0.3911290322580645
0 0.5246975806451613 0.5040322580645161 0.5085685483870968 0.4929435483870968 0.5045362903225806 0.4768145161290322 0.5015120967741936 0.4556451612903226 0.514616935483871 0.4092741935483871 0.5398185483870968 0.3659274193548387 0.5650201612903226 0.31754032258064513 0.5821572580645162 0.2772177419354839 0.606350806451613 0.2661290322580645 0.6194556451612904 0.2701612903225806 0.6295362903225806 0.2852822580645161 0.6244959677419354 0.32762096774193544 0.609375 0.3699596774193548 0.5882056451612904 0.4122983870967742 0.5640120967741936 0.4616935483870968 0.5398185483870968 0.4929435483870968
0 0.4894153225806452 0.6189516129032258 0.483366935483871 0.594758064516129 0.4783266129032258 0.5695564516129032 0.4954637096774194 0.533266129032258 0.517641129032258 0.502016129032258 0.5337701612903226 0.4979838709677419 0.5539314516129032 0.4727822580645161 0.5740927419354838 0.4455645161290322 0.5821572580645162 0.436491935483871 0.5952620967741936 0.4405241935483871 0.6013104838709677 0.4657258064516129 0.5972782258064516 0.501008064516129 0.5509072580645162 0.5725806451612903 0.5236895161290323 0.6018145161290323 0.5075604838709677 0.6219758064516129 0.4934475806451613 0.6290322580645161
0 0.3946572580645161 0.6723790322580645 0.3835685483870968 0.6673387096774193 0.3744959677419355 0.6330645161290323 0.3664314516129032 0.5977822580645161 0.3694556451612903 0.5614919354838709 0.3765120967741936 0.5342741935483871 0.3815524193548387 0.533266129032258 0.3956653225806452 0.5524193548387097 0.4027217741935484 0.5796370967741935 0.4077620967741936 0.625 0.4138104838709678 0.6512096774193548 0.4057459677419355 0.6703629032258064
0 0.4460685483870968 0.7409274193548387 0.4611895161290323 0.7177419354838709 0.4783266129032258 0.688508064516129 0.4934475806451613 0.6794354838709677 0.5005040322580645 0.6905241935483871 0.4914314516129032 0.7116935483870968 0.4783266129032258 0.7368951612903226 0.4672379032258065 0.7560483870967742
0 0.4047379032258065 0.7842741935483871 0.421875 0.7620967741935484 0.4400201612903226 0.7439516129032258 0.4642137096774194 0.752016129032258 0.4662298387096774 0.7701612903225806 0.4591733870967742 0.7883064516129032 0.4329637096774194 0.8014112903225807 0.421875 0.807459677419355
0 0.6033266129032258 0.6381048387096774 0.5902217741935484 0.6169354838709677 0.5851814516129032 0.5816532258064516 0.5932459677419354 0.5473790322580645 0.606350806451613 0.5362903225806451 0.6204637096774194 0.5403225806451613 0.6224798387096774 0.5574596774193548 0.6265120967741936 0.5735887096774193 0.6214717741935484 0.5887096774193548 0.6164314516129032 0.6098790322580645 0.6154233870967742 0.626008064516129
0 0.6164314516129032 0.6764112903225806 0.612399193548387 0.6330645161290323 0.6194556451612904 0.5967741935483871 0.6325604838709677 0.564516129032258 0.6507056451612904 0.5665322580645161 0.6527217741935484 0.5816532258064516 0.6476814516129032 0.5977822580645161 0.6476814516129032 0.6179435483870968 0.641633064516129 0.6310483870967742 0.638608870967742 0.657258064516129
0 0.639616935483871 0.6491935483870968 0.6446572580645162 0.6108870967741935 0.6547379032258064 0.5846774193548387 0.6668346774193548 0.564516129032258 0.6819556451612904 0.5655241935483871 0.6819556451612904 0.5856854838709677 0.674899193548387 0.6058467741935484 0.6668346774193548 0.627016129032258 0.6527217741935484 0.6401209677419355
0 0.669858870967742 0.4546370967741935 0.6648185483870968 0.4314516129032258 0.673891129032258 0.36794354838709675 0.6930443548387096 0.31451612903225806 0.7091733870967742 0.30544354838709675 0.7222782258064516 0.30745967741935487 0.7293346774193548 0.3316532258064516 0.7232862903225806 0.36189516129032256 0.700100806451613 0.4375 0.6890120967741936 0.4627016129032258
0 0.6204637096774194 0.4354838709677419 0.611391129032258 0.407258064516129 0.610383064516129 0.36794354838709675 0.6234879032258064 0.3245967741935484 0.6255040322580646 0.3034274193548387 0.6335685483870968 0.3004032258064516 0.640625 0.3084677419354839 0.643649193548387 0.34576612903225806 0.643649193548387 0.3881048387096774 0.640625 0.4173387096774193 0.6345766129032258 0.4354838709677419
0 0.6295362903225806 0.2913306451612903 0.6275201612903226 0.2469758064516129 0.6335685483870968 0.16733870967741934 0.6446572580645162 0.13407258064516128 0.6557459677419354 0.125 0.6678427419354838 0.12298387096774192 0.671875 0.1441532258064516 0.674899193548387 0.17439516129032256 0.670866935483871 0.22076612903225806 0.6587701612903226 0.2792338709677419 0.6476814516129032 0.29637096774193544 0.6335685483870968 0.30241935483870963
0 0.7474798387096774 0.19455645161290322 0.734375 0.1844758064516129 0.732358870967742 0.15725806451612903 0.7444556451612904 0.07661290322580645 0.7545362903225806 0.027217741935483875 0.7716733870967742 0.008064516129032258 0.7867943548387096 0.006048387096774193 0.796875 0.024193548387096774 0.796875 0.05141129032258064 0.7928427419354838 0.09475806451612903 0.7827620967741936 0.1411290322580645 0.767641129032258 0.18346774193548385 0.7555443548387096 0.20161290322580644
0 0.6769153225806452 0.20766129032258066 0.6890120967741936 0.2006048387096774 0.700100806451613 0.1411290322580645 0.700100806451613 0.10080645161290322 0.6910282258064516 0.053427419354838704 0.6819556451612904 0.04435483870967742 0.6648185483870968 0.04334677419354839 0.6517137096774194 0.053427419354838704 0.6456653225806452 0.07157258064516128 0.6456653225806452 0.09576612903225806 0.642641129032258 0.1159274193548387 0.643649193548387 0.13004032258064516 0.6537298387096774 0.125 0.6628024193548387 0.12298387096774192 0.670866935483871 0.13306451612903225 0.671875 0.15423387096774194 0.671875 0.16733870967741934 0.670866935483871 0.18245967741935482
