0 0.4339717741935484 0.3971774193548387 0.4551411290322581 0.4254032258064516 0.4591733870967742 0.4516129032258064 0.454133064516129 0.5 0.4400201612903226 0.5292338709677419 0.4117943548387097 0.532258064516129 0.3946572580645161 0.5131048387096774 0.3926411290322581 0.4758064516129032 0.3926411290322581 0.4465725806451613 0.3976814516129032 0.4264112903225806 0.4148185483870968 0.408266129032258
0 0.4611895161290323 0.4778225806451613 0.4793346774193548 0.4848790322580645 0.5025201612903226 0.5171370967741935 0.5085685483870968 0.5534274193548387 0.5085685483870968 0.5846774193548387 0.4984879032258065 0.6098790322580645 0.4783266129032258 0.6169354838709677 0.4551411290322581 0.6078629032258064 0.4390120967741936 0.5846774193548387 0.4309475806451613 0.5574596774193548 0.4329637096774194 0.5372983870967742 0.4390120967741936 0.53125 0.4511088709677419 0.5181451612903226 0.4551411290322581 0.5030241935483871 0.4591733870967742 0.4879032258064516
0 0.3946572580645161 0.5181451612903226 0.4087701612903226 0.532258064516129 0.4238911290322581 0.533266129032258 0.4319556451612903 0.5352822580645161 0.4359879032258065 0.5614919354838709 0.4390120967741936 0.5826612903225806 0.4440524193548387 0.6098790322580645 0.4359879032258065 0.6219758064516129 0.4248991935483871 0.6471774193548387 0.4027217741935484 0.6633064516129032 0.3865927419354839 0.6451612903225806 0.3765120967741936 0.6219758064516129 0.3734879032258065 0.5967741935483871 0.3694556451612903 0.5685483870967742 0.3785282258064516 0.5463709677419355 0.3835685483870968 0.5241935483870968
0 0.4551411290322581 0.6139112903225806 0.4672379032258065 0.6169354838709677 0.4753024193548387 0.6239919354838709 0.4884072580645161 0.6401209677419355 0.4924395161290323 0.6673387096774193 0.483366935483871 0.7056451612903226 0.4692540322580645 0.7127016129032258 0.4460685483870968 0.7086693548387097 0.4450604838709678 0.6713709677419355 0.4440524193548387 0.6592741935483871 0.4490927419354839 0.6350806451612903
0 0.3684475806451613 0.5594758064516129 0.3482862903225807 0.5836693548387097 0.3341733870967742 0.6088709677419355 0.327116935483871 0.6330645161290323 0.329133064516129 0.6643145161290323 0.3422379032258065 0.6875 0.3694556451612903 0.6814516129032258 0.3845766129032258 0.6602822580645161 0.3886088709677419 0.6522177419354838 0.3775201612903226 0.6179435483870968 0.3724798387096774 0.5927419354838709
0 0.3765120967741936 0.4375 0.3523185483870968 0.4536290322580645 0.3392137096774194 0.4778225806451613 0.3392137096774194 0.5080645161290323 0.3482862903225807 0.533266129032258 0.3785282258064516 0.5362903225806451 0.3956653225806452 0.5262096774193548 0.3946572580645161 0.4989919354838709 0.3946572580645161 0.4596774193548387 0.3966733870967742 0.439516129032258
0 0.4017137096774194 0.3165322580645161 0.4178427419354839 0.3125 0.4279233870967742 0.3256048387096774 0.4380040322580645 0.3346774193548387 0.4430443548387097 0.3568548387096774 0.4400201612903226 0.3820564516129032 0.4299395161290323 0.3991935483870968 0.4017137096774194 0.405241935483871 0.390625 0.38911290322580644 0.3835685483870968 0.35887096774193544 0.3845766129032258 0.3387096774193548 0.3956653225806452 0.3256048387096774
0 0.4390120967741936 0.2913306451612903 0.4551411290322581 0.2903225806451613 0.4742943548387097 0.3014112903225806 0.4944556451612903 0.3185483870967742 0.5075604838709677 0.3548387096774194 0.5075604838709677 0.3729838709677419 0.4914314516129032 0.39616935483870963 0.4692540322580645 0.3941532258064516 0.454133064516129 0.3709677419354839 0.4400201612903226 0.3497983870967742 0.4339717741935484 0.3185483870967742
0 0.484375 0.26512096774193544 0.5085685483870968 0.27116935483870963 0.5347782258064516 0.29637096774193544 0.5408266129032258 0.3195564516129032 0.5418346774193548 0.34375 0.5327620967741936 0.35181451612903225 0.5105846774193548 0.3548387096774194 0.5015120967741936 0.33366935483870963 0.4924395161290323 0.3104838709677419 0.4773185483870968 0.29838709677419356 0.4652217741935484 0.2883064516129032 0.4632056451612903 0.27318548387096775
0 0.4954637096774194 0.251008064516129 0.4753024193548387 0.2318548387096774 0.4662298387096774 0.2127016129032258 0.4793346774193548 0.1935483870967742 0.483366935483871 0.18548387096774194 0.5045362903225806 0.18850806451612903 0.516633064516129 0.2036290322580645 0.5236895161290323 0.2278225806451613 0.5226814516129032 0.2540322580645161 0.5015120967741936 0.2610887096774194
0 0.3704637096774194 0.3639112903225806 0.3523185483870968 0.376008064516129 0.3442540322580645 0.4032258064516129 0.3452620967741936 0.4264112903225806 0.3664314516129032 0.4324596774193548 0.3926411290322581 0.4274193548387097 0.4057459677419355 0.4102822580645161 0.3976814516129032 0.4032258064516129 0.3855846774193548 0.38407258064516125 0.3835685483870968 0.3729838709677419
0 0.4289314516129032 0.30241935483870963 0.4138104838709678 0.3104838709677419 0.3966733870967742 0.313508064516129 0.3825604838709678 0.30443548387096775 0.3785282258064516 0.27318548387096775 0.3876008064516129 0.2590725806451613 0.4027217741935484 0.25 0.4178427419354839 0.251008064516129 0.4329637096774194 0.26713709677419356 0.4359879032258065 0.282258064516129
0 0.4601814516129032 0.4747983870967742 0.4621975806451613 0.4536290322580645 0.4632056451612903 0.4284274193548387 0.4692540322580645 0.4133064516129032 0.485383064516129 0.408266129032258 0.4974798387096774 0.4143145161290322 0.5065524193548387 0.436491935483871 0.514616935483871 0.469758064516129 0.512600806451613 0.4919354838709677 0.5095766129032258 0.5120967741935484 0.5025201612903226 0.5191532258064516 0.4924395161290323 0.5070564516129032 0.4863911290322581 0.4929435483870968 0.4783266129032258 0.4838709677419355
0 0.4410282258064516 0.20564516129032256 0.4329637096774194 0.18850806451612903 0.4329637096774194 0.17338709677419356 0.4138104838709678 0.1723790322580645 0.3936491935483871 0.18245967741935482 0.3865927419354839 0.21169354838709675 0.3876008064516129 0.22681451612903225 0.4057459677419355 0.2348790322580645 0.4289314516129032 0.23286290322580644 0.4430443548387097 0.22681451612903225 0.4430443548387097 0.21774193548387094
0 0.829133064516129 0.6239919354838709 0.8180443548387096 0.6381048387096774 0.8089717741935484 0.6552419354838709 0.8170362903225806 0.6723790322580645 0.8361895161290323 0.6764112903225806 0.8492943548387096 0.6633064516129032 0.8492943548387096 0.6391129032258064 0.8452620967741936 0.627016129032258
0 0.8422379032258064 0.6743951612903226 0.8220766129032258 0.6814516129032258 0.8230846774193548 0.6935483870967742 0.8230846774193548 0.7096774193548387 0.8331653225806452 0.7278225806451613 0.8482862903225806 0.7247983870967742 0.8523185483870968 0.7026209677419355 0.8513104838709677 0.6875
0 0.8674395161290323 0.7046370967741935 0.8684475806451613 0.6915322580645161 0.8835685483870968 0.6844758064516129 0.890625 0.6935483870967742 0.8976814516129032 0.7056451612903226 0.8996975806451613 0.7278225806451613 0.8976814516129032 0.7429435483870968 0.8835685483870968 0.7479838709677419 0.8724798387096774 0.7368951612903226 0.8654233870967742 0.7167338709677419
0 0.8492943548387096 0.6229838709677419 0.8402217741935484 0.6058467741935484 0.8452620967741936 0.5877016129032258 0.8533266129032258 0.5806451612903226 0.8674395161290323 0.5897177419354838 0.8775201612903226 0.6038306451612903 0.8734879032258064 0.627016129032258 0.8634072580645162 0.6300403225806451
0 0.857358870967742 0.6310483870967742 0.8744959677419354 0.6280241935483871 0.8795362903225806 0.6360887096774193 0.8805443548387096 0.6542338709677419 0.8755040322580646 0.6713709677419355 0.857358870967742 0.6703629032258064 0.8492943548387096 0.657258064516129
0 0.8845766129032258 0.6401209677419355 0.8976814516129032 0.6481854838709677 0.9067540322580646 0.6421370967741935 0.9138104838709677 0.657258064516129 0.9148185483870968 0.6764112903225806 0.9117943548387096 0.7026209677419355 0.8996975806451613 0.7016129032258064 0.8845766129032258 0.688508064516129 0.8785282258064516 0.6743951612903226 0.8785282258064516 0.658266129032258
0 0.8775201612903226 0.6048387096774193 0.892641129032258 0.6048387096774193 0.9107862903225806 0.6129032258064516 0.9158266129032258 0.6300403225806451 0.9057459677419354 0.6461693548387097 0.889616935483871 0.6491935483870968 0.8815524193548387 0.6391129032258064 0.8744959677419354 0.6300403225806451 0.8744959677419354 0.6169354838709677
0 0.8462701612903226 0.5655241935483871 0.8482862903225806 0.5756048387096774 0.8462701612903226 0.5887096774193548 0.8432459677419354 0.5997983870967742 0.8412298387096774 0.6118951612903226 0.8351814516129032 0.6219758064516129 0.826108870967742 0.625 0.8109879032258064 0.6139112903225806 0.8130040322580646 0.5987903225806451 0.8220766129032258 0.5846774193548387 0.8331653225806452 0.5725806451612903
